1 11 2 1 3
2 11 2 1 4
3 12 3 1 4
4 9 1 3 5
5 9 1 4 6
6 4 3 5 7
7 4 3 5 8
8 4 3 5 9
9 4 4 6 10
10 4 4 6 11
11 4 4 6 12
12 7 7 5 8
13 7 7 5 9
14 7 8 5 9
15 7 10 6 11
16 7 10 6 12
17 7 11 6 12
18 11 14 13 15
19 11 14 13 16
20 12 15 13 16
21 9 13 15 17
22 9 13 16 18
23 4 15 17 19
24 4 15 17 20
25 4 15 17 21
26 4 16 18 22
27 4 16 18 23
28 4 16 18 24
29 7 19 17 20
30 7 19 17 21
31 7 20 17 21
32 7 22 18 23
33 7 22 18 24
34 7 23 18 24
35 11 26 25 27
36 11 26 25 28
37 12 27 25 28
38 9 25 27 29
39 9 25 28 30
40 4 27 29 31
41 4 27 29 32
42 4 27 29 33
43 4 28 30 34
44 4 28 30 35
45 4 28 30 36
46 7 31 29 32
47 7 31 29 33
48 7 32 29 33
49 7 34 30 35
50 7 34 30 36
51 7 35 30 36
52 11 38 37 39
53 11 38 37 40
54 12 39 37 40
55 9 37 39 41
56 9 37 40 42
57 4 39 41 43
58 4 39 41 44
59 4 39 41 45
60 4 40 42 46
61 4 40 42 47
62 4 40 42 48
63 7 43 41 44
64 7 43 41 45
65 7 44 41 45
66 7 46 42 47
67 7 46 42 48
68 7 47 42 48
69 11 50 49 51
70 11 50 49 52
71 12 51 49 52
72 9 49 51 53
73 9 49 52 54
74 4 51 53 55
75 4 51 53 56
76 4 51 53 57
77 4 52 54 58
78 4 52 54 59
79 4 52 54 60
80 7 55 53 56
81 7 55 53 57
82 7 56 53 57
83 7 58 54 59
84 7 58 54 60
85 7 59 54 60
86 11 62 61 63
87 11 62 61 64
88 12 63 61 64
89 9 61 63 65
90 9 61 64 66
91 4 63 65 67
92 4 63 65 68
93 4 63 65 69
94 4 64 66 70
95 4 64 66 71
96 4 64 66 72
97 7 67 65 68
98 7 67 65 69
99 7 68 65 69
100 7 70 66 71
101 7 70 66 72
102 7 71 66 72
103 11 74 73 75
104 11 74 73 76
105 12 75 73 76
106 9 73 75 77
107 9 73 76 78
108 4 75 77 79
109 4 75 77 80
110 4 75 77 81
111 4 76 78 82
112 4 76 78 83
113 4 76 78 84
114 7 79 77 80
115 7 79 77 81
116 7 80 77 81
117 7 82 78 83
118 7 82 78 84
119 7 83 78 84
120 11 86 85 87
121 11 86 85 88
122 12 87 85 88
123 9 85 87 89
124 9 85 88 90
125 4 87 89 91
126 4 87 89 92
127 4 87 89 93
128 4 88 90 94
129 4 88 90 95
130 4 88 90 96
131 7 91 89 92
132 7 91 89 93
133 7 92 89 93
134 7 94 90 95
135 7 94 90 96
136 7 95 90 96
137 11 98 97 99
138 11 98 97 100
139 12 99 97 100
140 9 97 99 101
141 9 97 100 102
142 4 99 101 103
143 4 99 101 104
144 4 99 101 105
145 4 100 102 106
146 4 100 102 107
147 4 100 102 108
148 7 103 101 104
149 7 103 101 105
150 7 104 101 105
151 7 106 102 107
152 7 106 102 108
153 7 107 102 108
154 11 110 109 111
155 11 110 109 112
156 12 111 109 112
157 9 109 111 113
158 9 109 112 114
159 4 111 113 115
160 4 111 113 116
161 4 111 113 117
162 4 112 114 118
163 4 112 114 119
164 4 112 114 120
165 7 115 113 116
166 7 115 113 117
167 7 116 113 117
168 7 118 114 119
169 7 118 114 120
170 7 119 114 120
171 11 122 121 123
172 11 122 121 124
173 12 123 121 124
174 9 121 123 125
175 9 121 124 126
176 4 123 125 127
177 4 123 125 128
178 4 123 125 129
179 4 124 126 130
180 4 124 126 131
181 4 124 126 132
182 7 127 125 128
183 7 127 125 129
184 7 128 125 129
185 7 130 126 131
186 7 130 126 132
187 7 131 126 132
188 11 134 133 135
189 11 134 133 136
190 12 135 133 136
191 9 133 135 137
192 9 133 136 138
193 4 135 137 139
194 4 135 137 140
195 4 135 137 141
196 4 136 138 142
197 4 136 138 143
198 4 136 138 144
199 7 139 137 140
200 7 139 137 141
201 7 140 137 141
202 7 142 138 143
203 7 142 138 144
204 7 143 138 144
205 11 146 145 147
206 11 146 145 148
207 12 147 145 148
208 9 145 147 149
209 9 145 148 150
210 4 147 149 151
211 4 147 149 152
212 4 147 149 153
213 4 148 150 154
214 4 148 150 155
215 4 148 150 156
216 7 151 149 152
217 7 151 149 153
218 7 152 149 153
219 7 154 150 155
220 7 154 150 156
221 7 155 150 156
222 11 158 157 159
223 11 158 157 160
224 12 159 157 160
225 9 157 159 161
226 9 157 160 162
227 4 159 161 163
228 4 159 161 164
229 4 159 161 165
230 4 160 162 166
231 4 160 162 167
232 4 160 162 168
233 7 163 161 164
234 7 163 161 165
235 7 164 161 165
236 7 166 162 167
237 7 166 162 168
238 7 167 162 168
239 11 170 169 171
240 11 170 169 172
241 12 171 169 172
242 9 169 171 173
243 9 169 172 174
244 4 171 173 175
245 4 171 173 176
246 4 171 173 177
247 4 172 174 178
248 4 172 174 179
249 4 172 174 180
250 7 175 173 176
251 7 175 173 177
252 7 176 173 177
253 7 178 174 179
254 7 178 174 180
255 7 179 174 180
256 11 182 181 183
257 11 182 181 184
258 12 183 181 184
259 9 181 183 185
260 9 181 184 186
261 4 183 185 187
262 4 183 185 188
263 4 183 185 189
264 4 184 186 190
265 4 184 186 191
266 4 184 186 192
267 7 187 185 188
268 7 187 185 189
269 7 188 185 189
270 7 190 186 191
271 7 190 186 192
272 7 191 186 192
273 11 194 193 195
274 11 194 193 196
275 12 195 193 196
276 9 193 195 197
277 9 193 196 198
278 4 195 197 199
279 4 195 197 200
280 4 195 197 201
281 4 196 198 202
282 4 196 198 203
283 4 196 198 204
284 7 199 197 200
285 7 199 197 201
286 7 200 197 201
287 7 202 198 203
288 7 202 198 204
289 7 203 198 204
290 11 206 205 207
291 11 206 205 208
292 12 207 205 208
293 9 205 207 209
294 9 205 208 210
295 4 207 209 211
296 4 207 209 212
297 4 207 209 213
298 4 208 210 214
299 4 208 210 215
300 4 208 210 216
301 7 211 209 212
302 7 211 209 213
303 7 212 209 213
304 7 214 210 215
305 7 214 210 216
306 7 215 210 216
307 11 218 217 219
308 11 218 217 220
309 12 219 217 220
310 9 217 219 221
311 9 217 220 222
312 4 219 221 223
313 4 219 221 224
314 4 219 221 225
315 4 220 222 226
316 4 220 222 227
317 4 220 222 228
318 7 223 221 224
319 7 223 221 225
320 7 224 221 225
321 7 226 222 227
322 7 226 222 228
323 7 227 222 228
324 11 230 229 231
325 11 230 229 232
326 12 231 229 232
327 9 229 231 233
328 9 229 232 234
329 4 231 233 235
330 4 231 233 236
331 4 231 233 237
332 4 232 234 238
333 4 232 234 239
334 4 232 234 240
335 7 235 233 236
336 7 235 233 237
337 7 236 233 237
338 7 238 234 239
339 7 238 234 240
340 7 239 234 240
341 11 242 241 243
342 11 242 241 244
343 12 243 241 244
344 9 241 243 245
345 9 241 244 246
346 4 243 245 247
347 4 243 245 248
348 4 243 245 249
349 4 244 246 250
350 4 244 246 251
351 4 244 246 252
352 7 247 245 248
353 7 247 245 249
354 7 248 245 249
355 7 250 246 251
356 7 250 246 252
357 7 251 246 252
358 11 254 253 255
359 11 254 253 256
360 12 255 253 256
361 9 253 255 257
362 9 253 256 258
363 4 255 257 259
364 4 255 257 260
365 4 255 257 261
366 4 256 258 262
367 4 256 258 263
368 4 256 258 264
369 7 259 257 260
370 7 259 257 261
371 7 260 257 261
372 7 262 258 263
373 7 262 258 264
374 7 263 258 264
375 11 266 265 267
376 11 266 265 268
377 12 267 265 268
378 9 265 267 269
379 9 265 268 270
380 4 267 269 271
381 4 267 269 272
382 4 267 269 273
383 4 268 270 274
384 4 268 270 275
385 4 268 270 276
386 7 271 269 272
387 7 271 269 273
388 7 272 269 273
389 7 274 270 275
390 7 274 270 276
391 7 275 270 276
392 11 278 277 279
393 11 278 277 280
394 12 279 277 280
395 9 277 279 281
396 9 277 280 282
397 4 279 281 283
398 4 279 281 284
399 4 279 281 285
400 4 280 282 286
401 4 280 282 287
402 4 280 282 288
403 7 283 281 284
404 7 283 281 285
405 7 284 281 285
406 7 286 282 287
407 7 286 282 288
408 7 287 282 288
409 11 290 289 291
410 11 290 289 292
411 12 291 289 292
412 9 289 291 293
413 9 289 292 294
414 4 291 293 295
415 4 291 293 296
416 4 291 293 297
417 4 292 294 298
418 4 292 294 299
419 4 292 294 300
420 7 295 293 296
421 7 295 293 297
422 7 296 293 297
423 7 298 294 299
424 7 298 294 300
425 7 299 294 300
426 11 302 301 303
427 11 302 301 304
428 12 303 301 304
429 9 301 303 305
430 9 301 304 306
431 4 303 305 307
432 4 303 305 308
433 4 303 305 309
434 4 304 306 310
435 4 304 306 311
436 4 304 306 312
437 7 307 305 308
438 7 307 305 309
439 7 308 305 309
440 7 310 306 311
441 7 310 306 312
442 7 311 306 312
443 11 314 313 315
444 11 314 313 316
445 12 315 313 316
446 9 313 315 317
447 9 313 316 318
448 4 315 317 319
449 4 315 317 320
450 4 315 317 321
451 4 316 318 322
452 4 316 318 323
453 4 316 318 324
454 7 319 317 320
455 7 319 317 321
456 7 320 317 321
457 7 322 318 323
458 7 322 318 324
459 7 323 318 324
460 11 326 325 327
461 11 326 325 328
462 12 327 325 328
463 9 325 327 329
464 9 325 328 330
465 4 327 329 331
466 4 327 329 332
467 4 327 329 333
468 4 328 330 334
469 4 328 330 335
470 4 328 330 336
471 7 331 329 332
472 7 331 329 333
473 7 332 329 333
474 7 334 330 335
475 7 334 330 336
476 7 335 330 336
477 11 338 337 339
478 11 338 337 340
479 12 339 337 340
480 9 337 339 341
481 9 337 340 342
482 4 339 341 343
483 4 339 341 344
484 4 339 341 345
485 4 340 342 346
486 4 340 342 347
487 4 340 342 348
488 7 343 341 344
489 7 343 341 345
490 7 344 341 345
491 7 346 342 347
492 7 346 342 348
493 7 347 342 348
494 11 350 349 351
495 11 350 349 352
496 12 351 349 352
497 9 349 351 353
498 9 349 352 354
499 4 351 353 355
500 4 351 353 356
501 4 351 353 357
502 4 352 354 358
503 4 352 354 359
504 4 352 354 360
505 7 355 353 356
506 7 355 353 357
507 7 356 353 357
508 7 358 354 359
509 7 358 354 360
510 7 359 354 360
511 11 362 361 363
512 11 362 361 364
513 12 363 361 364
514 9 361 363 365
515 9 361 364 366
516 4 363 365 367
517 4 363 365 368
518 4 363 365 369
519 4 364 366 370
520 4 364 366 371
521 4 364 366 372
522 7 367 365 368
523 7 367 365 369
524 7 368 365 369
525 7 370 366 371
526 7 370 366 372
527 7 371 366 372
528 11 374 373 375
529 11 374 373 376
530 12 375 373 376
531 9 373 375 377
532 9 373 376 378
533 4 375 377 379
534 4 375 377 380
535 4 375 377 381
536 4 376 378 382
537 4 376 378 383
538 4 376 378 384
539 7 379 377 380
540 7 379 377 381
541 7 380 377 381
542 7 382 378 383
543 7 382 378 384
544 7 383 378 384
545 11 386 385 387
546 11 386 385 388
547 12 387 385 388
548 9 385 387 389
549 9 385 388 390
550 4 387 389 391
551 4 387 389 392
552 4 387 389 393
553 4 388 390 394
554 4 388 390 395
555 4 388 390 396
556 7 391 389 392
557 7 391 389 393
558 7 392 389 393
559 7 394 390 395
560 7 394 390 396
561 7 395 390 396
562 11 398 397 399
563 11 398 397 400
564 12 399 397 400
565 9 397 399 401
566 9 397 400 402
567 4 399 401 403
568 4 399 401 404
569 4 399 401 405
570 4 400 402 406
571 4 400 402 407
572 4 400 402 408
573 7 403 401 404
574 7 403 401 405
575 7 404 401 405
576 7 406 402 407
577 7 406 402 408
578 7 407 402 408
579 11 410 409 411
580 11 410 409 412
581 12 411 409 412
582 9 409 411 413
583 9 409 412 414
584 4 411 413 415
585 4 411 413 416
586 4 411 413 417
587 4 412 414 418
588 4 412 414 419
589 4 412 414 420
590 7 415 413 416
591 7 415 413 417
592 7 416 413 417
593 7 418 414 419
594 7 418 414 420
595 7 419 414 420
596 11 422 421 423
597 11 422 421 424
598 12 423 421 424
599 9 421 423 425
600 9 421 424 426
601 4 423 425 427
602 4 423 425 428
603 4 423 425 429
604 4 424 426 430
605 4 424 426 431
606 4 424 426 432
607 7 427 425 428
608 7 427 425 429
609 7 428 425 429
610 7 430 426 431
611 7 430 426 432
612 7 431 426 432
613 11 434 433 435
614 11 434 433 436
615 12 435 433 436
616 9 433 435 437
617 9 433 436 438
618 4 435 437 439
619 4 435 437 440
620 4 435 437 441
621 4 436 438 442
622 4 436 438 443
623 4 436 438 444
624 7 439 437 440
625 7 439 437 441
626 7 440 437 441
627 7 442 438 443
628 7 442 438 444
629 7 443 438 444
630 11 446 445 447
631 11 446 445 448
632 12 447 445 448
633 9 445 447 449
634 9 445 448 450
635 4 447 449 451
636 4 447 449 452
637 4 447 449 453
638 4 448 450 454
639 4 448 450 455
640 4 448 450 456
641 7 451 449 452
642 7 451 449 453
643 7 452 449 453
644 7 454 450 455
645 7 454 450 456
646 7 455 450 456
647 11 458 457 459
648 11 458 457 460
649 12 459 457 460
650 9 457 459 461
651 9 457 460 462
652 4 459 461 463
653 4 459 461 464
654 4 459 461 465
655 4 460 462 466
656 4 460 462 467
657 4 460 462 468
658 7 463 461 464
659 7 463 461 465
660 7 464 461 465
661 7 466 462 467
662 7 466 462 468
663 7 467 462 468
664 11 470 469 471
665 11 470 469 472
666 12 471 469 472
667 9 469 471 473
668 9 469 472 474
669 4 471 473 475
670 4 471 473 476
671 4 471 473 477
672 4 472 474 478
673 4 472 474 479
674 4 472 474 480
675 7 475 473 476
676 7 475 473 477
677 7 476 473 477
678 7 478 474 479
679 7 478 474 480
680 7 479 474 480
681 11 482 481 483
682 11 482 481 484
683 12 483 481 484
684 9 481 483 485
685 9 481 484 486
686 4 483 485 487
687 4 483 485 488
688 4 483 485 489
689 4 484 486 490
690 4 484 486 491
691 4 484 486 492
692 7 487 485 488
693 7 487 485 489
694 7 488 485 489
695 7 490 486 491
696 7 490 486 492
697 7 491 486 492
698 11 494 493 495
699 11 494 493 496
700 12 495 493 496
701 9 493 495 497
702 9 493 496 498
703 4 495 497 499
704 4 495 497 500
705 4 495 497 501
706 4 496 498 502
707 4 496 498 503
708 4 496 498 504
709 7 499 497 500
710 7 499 497 501
711 7 500 497 501
712 7 502 498 503
713 7 502 498 504
714 7 503 498 504
715 11 506 505 507
716 11 506 505 508
717 12 507 505 508
718 9 505 507 509
719 9 505 508 510
720 4 507 509 511
721 4 507 509 512
722 4 507 509 513
723 4 508 510 514
724 4 508 510 515
725 4 508 510 516
726 7 511 509 512
727 7 511 509 513
728 7 512 509 513
729 7 514 510 515
730 7 514 510 516
731 7 515 510 516
732 11 518 517 519
733 11 518 517 520
734 12 519 517 520
735 9 517 519 521
736 9 517 520 522
737 4 519 521 523
738 4 519 521 524
739 4 519 521 525
740 4 520 522 526
741 4 520 522 527
742 4 520 522 528
743 7 523 521 524
744 7 523 521 525
745 7 524 521 525
746 7 526 522 527
747 7 526 522 528
748 7 527 522 528
749 11 530 529 531
750 11 530 529 532
751 12 531 529 532
752 9 529 531 533
753 9 529 532 534
754 4 531 533 535
755 4 531 533 536
756 4 531 533 537
757 4 532 534 538
758 4 532 534 539
759 4 532 534 540
760 7 535 533 536
761 7 535 533 537
762 7 536 533 537
763 7 538 534 539
764 7 538 534 540
765 7 539 534 540
766 11 542 541 543
767 11 542 541 544
768 12 543 541 544
769 9 541 543 546
770 9 541 544 545
771 13 543 546 545
772 13 544 545 546
773 4 545 546 547
774 4 545 546 548
775 4 546 545 549
776 4 546 545 550
777 6 547 546 548
778 6 549 545 550
779 11 552 551 553
780 11 552 551 554
781 12 553 551 554
782 9 551 553 556
783 9 551 554 555
784 13 553 556 555
785 13 554 555 556
786 4 555 556 557
787 4 555 556 558
788 4 556 555 559
789 4 556 555 560
790 6 557 556 558
791 6 559 555 560
792 11 562 561 563
793 11 562 561 564
794 12 563 561 564
795 9 561 563 566
796 9 561 564 565
797 13 563 566 565
798 13 564 565 566
799 4 565 566 567
800 4 565 566 568
801 4 566 565 569
802 4 566 565 570
803 6 567 566 568
804 6 569 565 570
805 11 572 571 573
806 11 572 571 574
807 12 573 571 574
808 9 571 573 576
809 9 571 574 575
810 13 573 576 575
811 13 574 575 576
812 4 575 576 577
813 4 575 576 578
814 4 576 575 579
815 4 576 575 580
816 6 577 576 578
817 6 579 575 580
818 11 582 581 583
819 11 582 581 584
820 12 583 581 584
821 9 581 583 586
822 9 581 584 585
823 13 583 586 585
824 13 584 585 586
825 4 585 586 587
826 4 585 586 588
827 4 586 585 589
828 4 586 585 590
829 6 587 586 588
830 6 589 585 590
831 11 592 591 593
832 11 592 591 594
833 12 593 591 594
834 9 591 593 596
835 9 591 594 595
836 13 593 596 595
837 13 594 595 596
838 4 595 596 597
839 4 595 596 598
840 4 596 595 599
841 4 596 595 600
842 6 597 596 598
843 6 599 595 600
844 11 602 601 603
845 11 602 601 604
846 12 603 601 604
847 9 601 603 606
848 9 601 604 605
849 13 603 606 605
850 13 604 605 606
851 4 605 606 607
852 4 605 606 608
853 4 606 605 609
854 4 606 605 610
855 6 607 606 608
856 6 609 605 610
857 11 612 611 613
858 11 612 611 614
859 12 613 611 614
860 9 611 613 616
861 9 611 614 615
862 13 613 616 615
863 13 614 615 616
864 4 615 616 617
865 4 615 616 618
866 4 616 615 619
867 4 616 615 620
868 6 617 616 618
869 6 619 615 620
870 11 622 621 623
871 11 622 621 624
872 12 623 621 624
873 9 621 623 626
874 9 621 624 625
875 13 623 626 625
876 13 624 625 626
877 4 625 626 627
878 4 625 626 628
879 4 626 625 629
880 4 626 625 630
881 6 627 626 628
882 6 629 625 630
883 11 632 631 633
884 11 632 631 634
885 12 633 631 634
886 9 631 633 636
887 9 631 634 635
888 13 633 636 635
889 13 634 635 636
890 4 635 636 637
891 4 635 636 638
892 4 636 635 639
893 4 636 635 640
894 6 637 636 638
895 6 639 635 640
896 11 642 641 643
897 11 642 641 644
898 12 643 641 644
899 9 641 643 646
900 9 641 644 645
901 13 643 646 645
902 13 644 645 646
903 4 645 646 647
904 4 645 646 648
905 4 646 645 649
906 4 646 645 650
907 6 647 646 648
908 6 649 645 650
909 11 652 651 653
910 11 652 651 654
911 12 653 651 654
912 9 651 653 656
913 9 651 654 655
914 13 653 656 655
915 13 654 655 656
916 4 655 656 657
917 4 655 656 658
918 4 656 655 659
919 4 656 655 660
920 6 657 656 658
921 6 659 655 660
922 11 662 661 663
923 11 662 661 664
924 12 663 661 664
925 9 661 663 666
926 9 661 664 665
927 13 663 666 665
928 13 664 665 666
929 4 665 666 667
930 4 665 666 668
931 4 666 665 669
932 4 666 665 670
933 6 667 666 668
934 6 669 665 670
935 11 672 671 673
936 11 672 671 674
937 12 673 671 674
938 9 671 673 676
939 9 671 674 675
940 13 673 676 675
941 13 674 675 676
942 4 675 676 677
943 4 675 676 678
944 4 676 675 679
945 4 676 675 680
946 6 677 676 678
947 6 679 675 680
948 11 682 681 683
949 11 682 681 684
950 12 683 681 684
951 9 681 683 686
952 9 681 684 685
953 13 683 686 685
954 13 684 685 686
955 4 685 686 687
956 4 685 686 688
957 4 686 685 689
958 4 686 685 690
959 6 687 686 688
960 6 689 685 690
961 11 692 691 693
962 11 692 691 694
963 12 693 691 694
964 9 691 693 696
965 9 691 694 695
966 13 693 696 695
967 13 694 695 696
968 4 695 696 697
969 4 695 696 698
970 4 696 695 699
971 4 696 695 700
972 6 697 696 698
973 6 699 695 700
974 11 702 701 703
975 11 702 701 704
976 12 703 701 704
977 9 701 703 706
978 9 701 704 705
979 13 703 706 705
980 13 704 705 706
981 4 705 706 707
982 4 705 706 708
983 4 706 705 709
984 4 706 705 710
985 6 707 706 708
986 6 709 705 710
987 11 712 711 713
988 11 712 711 714
989 12 713 711 714
990 9 711 713 716
991 9 711 714 715
992 13 713 716 715
993 13 714 715 716
994 4 715 716 717
995 4 715 716 718
996 4 716 715 719
997 4 716 715 720
998 6 717 716 718
999 6 719 715 720
1000 11 722 721 723
1001 11 722 721 724
1002 12 723 721 724
1003 9 721 723 726
1004 9 721 724 725
1005 13 723 726 725
1006 13 724 725 726
1007 4 725 726 727
1008 4 725 726 728
1009 4 726 725 729
1010 4 726 725 730
1011 6 727 726 728
1012 6 729 725 730
1013 18 737 736 738
1014 18 739 736 740
1015 18 741 736 742
1016 17 737 736 739
1017 17 737 736 740
1018 17 737 736 741
1019 17 737 736 742
1020 17 738 736 739
1021 17 738 736 740
1022 17 738 736 741
1023 17 738 736 742
1024 17 739 736 741
1025 17 739 736 742
1026 17 740 736 741
1027 17 740 736 742
1028 18 744 743 745
1029 18 746 743 747
1030 18 748 743 749
1031 17 744 743 746
1032 17 744 743 747
1033 17 744 743 748
1034 17 744 743 749
1035 17 745 743 746
1036 17 745 743 747
1037 17 745 743 748
1038 17 745 743 749
1039 17 746 743 748
1040 17 746 743 749
1041 17 747 743 748
1042 17 747 743 749
1043 18 751 750 752
1044 18 753 750 754
1045 18 755 750 756
1046 17 751 750 753
1047 17 751 750 754
1048 17 751 750 755
1049 17 751 750 756
1050 17 752 750 753
1051 17 752 750 754
1052 17 752 750 755
1053 17 752 750 756
1054 17 753 750 755
1055 17 753 750 756
1056 17 754 750 755
1057 17 754 750 756
1058 18 758 757 759
1059 18 760 757 761
1060 18 762 757 763
1061 17 758 757 760
1062 17 758 757 761
1063 17 758 757 762
1064 17 758 757 763
1065 17 759 757 760
1066 17 759 757 761
1067 17 759 757 762
1068 17 759 757 763
1069 17 760 757 762
1070 17 760 757 763
1071 17 761 757 762
1072 17 761 757 763
1073 18 765 764 766
1074 18 767 764 768
1075 18 769 764 770
1076 17 765 764 767
1077 17 765 764 768
1078 17 765 764 769
1079 17 765 764 770
1080 17 766 764 767
1081 17 766 764 768
1082 17 766 764 769
1083 17 766 764 770
1084 17 767 764 769
1085 17 767 764 770
1086 17 768 764 769
1087 17 768 764 770
