   7.110    2.818   14.312
   6.250    2.248   15.183
   5.069    2.206   14.687
   4.971    2.697   13.516
   6.534    3.177   13.203
   5.980    3.427   12.355
   7.469    3.550   12.821
   4.283    1.808   15.200
   4.653    2.485   13.839
  16.891    4.862    4.708
  17.184    6.017    4.074
  17.918    5.794    3.047
  18.200    4.567    2.859
  17.419    3.825    4.128
  17.885    3.061    3.589
  16.990    3.172    4.869
  18.241    6.548    2.442
  18.309    4.995    2.624
   4.208   16.024    5.619
   4.199   16.771    4.495
   3.108   17.437    4.405
   2.297   17.251    5.369
   3.122   16.164    6.320
   2.217   16.345    6.808
   3.492   15.471    7.058
   2.920   18.060    3.620
   2.294   17.528    4.952
   9.441    4.278    3.433
   8.346    3.534    3.698
   7.810    3.119    2.610
   8.412    3.491    1.551
   9.676    4.387    2.160
   9.777    4.414    1.121
  10.544    4.993    2.356
   6.971    2.541    2.609
   8.007    3.215    1.649
   2.296   10.898   15.803
   2.934    9.710   15.875
   2.091    8.754   16.003
   0.874    9.125   16.033
   1.004   10.777   15.881
  -0.017   10.573   15.952
   0.884   11.843   15.793
   2.388    7.780   16.073
   1.110    8.685   16.059
  13.897   12.409    8.630
  13.440   12.238    9.888
  12.971   11.055   10.040
  13.039   10.324    9.000
  13.751   11.346    7.896
  13.589   10.445    7.393
  14.195   11.848    7.053
  12.579   10.741   10.928
  12.869   10.261    9.466
   3.610    8.390    5.156
   2.300    8.633    4.939
   1.583    7.673    5.394
   2.246    6.730    5.933
   3.815    7.259    5.762
   3.873    6.337    6.249
   4.879    7.426    5.747
   0.566    7.679    5.321
   1.761    6.820    5.852
  14.568    4.083   17.097
  13.359    3.750   17.598
  12.551    4.741   17.519
  13.053    5.790   17.001
  14.610    5.308   16.666
  14.541    6.301   16.350
  15.641    5.187   16.377
  11.588    4.679   17.849
  12.605    5.667   17.187
   4.877   10.758    6.824
   5.943   10.011    7.183
   6.357    9.312    6.191
   5.691    9.473    5.119
   4.542   10.585    5.580
   4.355   10.377    4.574
   3.733   11.289    5.684
   7.156    8.684    6.272
   6.086    9.196    5.252
   7.227   11.940   11.814
   7.339   10.710   11.270
   8.337   10.662   10.467
   8.983   11.753   10.365
   8.147   12.757   11.395
   8.923   13.332   10.999
   7.745   13.548   12.006
   8.579    9.811    9.960
   9.024   11.297   10.163
   0.510    7.756   14.160
   0.333    8.528   13.066
   0.156    7.801   12.026
   0.186    6.548   12.248
   0.457    6.485   13.889
   0.399    5.493   13.568
   0.628    6.242   14.924
   0.006    8.208   11.103
   0.120    6.833   11.843
   3.838   15.349    9.684
   2.580   15.115   10.114
   2.266   13.884    9.940
   3.184   13.176    9.415
   4.410   14.283    9.208
   4.778   13.374    8.848
   5.307   14.840    8.995
   1.352   13.519   10.205
   2.718   13.089    9.575
   6.198   15.022    1.813
   7.242   15.120    0.962
   7.425   16.339    0.613
   6.606   17.164    1.131
   5.647   16.172    2.062
   5.278   17.140    2.196
   4.928   15.704    2.714
   8.171   16.609   -0.028
   6.992   17.200    0.816
   1.284   16.870   11.602
   2.533   17.176   12.012
   3.105   16.148   12.520
   2.388   15.096   12.526
   0.976   15.626   11.822
   0.828   14.616   12.041
  -0.001   15.776   11.395
   4.056   16.187   12.886
   2.851   15.210   12.678
   4.457   13.025   13.435
   5.221   14.079   13.792
   5.760   14.615   12.760
   5.463   14.051   11.658
   4.458   12.819   12.151
   4.525   12.739   11.112
   3.798   11.976   12.270
   6.373   15.427   12.833
   5.746   14.441   11.791
  17.385   14.582   16.566
  16.502   14.457   15.552
  15.300   14.488   15.995
  15.208   14.626   17.257
  16.804   14.700   17.723
  16.244   14.788   18.599
  17.760   14.768   18.213
  14.495   14.409   15.374
  14.881   14.580   16.882
   3.720    6.786   11.758
   2.400    6.501   11.738
   2.201    5.322   11.275
   3.262    4.700   10.946
   4.449    5.808   11.308
   4.943    4.969   10.932
   5.346    6.381   11.474
   1.264    4.930   11.185
   2.773    4.594   10.939
   2.875   15.593   16.103
   1.805   16.117   16.738
   0.893   15.230   16.890
   1.189   14.084   16.422
   2.716   14.337   15.808
   2.490   13.335   15.617
   3.693   14.303   15.358
   0.008   15.441   17.351
   0.793   14.278   16.657
  13.805    9.261   13.218
  14.524   10.356   13.547
  13.751   11.300   13.938
  12.512   11.005   13.929
  12.527    9.435   13.377
  11.524    9.675   13.537
  12.332    8.431   13.039
  14.114   12.208   14.229
  12.778   11.411   14.051
  14.317    2.494   15.385
  14.498    3.749   14.923
  13.982    4.170   13.674
  14.170    5.472   13.194
  14.880    6.399   13.946
  14.136    1.238   15.848
  14.652    0.817   17.096
  13.941    7.100   13.730
  15.467    6.584   12.925
  15.475    7.188   14.567
  14.066    0.633   18.117
  15.591    0.117   17.313
  14.315    0.144   16.889
  13.149    3.817    1.437
  13.671    2.880    2.258
  13.314    1.515    2.159
  13.854    0.543    3.010
  14.771    0.903    3.990
  12.628    4.754    0.617
  12.985    6.120    0.716
  15.407    0.000    3.542
  14.059    0.268    4.705
  15.541    1.191    4.817
  13.697    6.754    0.001
  12.349    7.022    1.163
  12.484    6.184    0.120
  17.818    3.555    7.629
  17.149    3.678    8.795
  16.728    4.935    9.290
  16.035    5.062   10.499
  15.739    3.936   11.258
  18.486    3.433    6.462
  18.908    2.176    5.968
  14.640    4.396   11.274
  16.202    4.576   12.150
  15.484    3.000   11.905
  18.445    1.536    5.075
  20.007    1.716    5.951
  19.184    2.617    5.385
   4.640   10.981    0.283
   3.987   12.146    0.484
   2.679   12.367   -0.009
   2.002   13.574    0.200
   2.609   14.604    0.909
   5.293    9.817    0.081
   6.601    9.596    0.574
   1.582   14.619    1.512
   2.268   15.269   -0.019
   3.107   15.476    1.502
   6.942    8.930    1.502
   7.629    9.580   -0.029
   6.497    8.901    0.233
  11.382    5.846   15.364
  11.779    4.783   14.631
  11.902    3.490   15.191
  12.314    2.388   14.431
  12.617    2.541   13.084
  10.985    6.908   16.096
  10.861    8.201   15.536
  11.896    1.602   12.949
  13.610    1.950   13.374
  12.874    2.656   11.953
   9.868    8.793   15.246
  11.582    9.140   15.671
  10.644    8.380   16.265
  11.085   17.199    4.459
  10.779   17.763    3.271
  11.309   19.015    2.877
  10.991   19.601    1.646
  10.133   18.955    0.765
  11.391   16.634    5.646
  10.862   15.382    6.040
  10.990   19.181   -0.031
   9.586   20.013    0.727
   9.414   18.424    0.015
  11.408   14.324    6.078
  10.004   15.157    6.836
  11.289   15.522    6.679
  14.995    3.831    8.330
  14.831    4.803    7.407
  15.706    5.912    7.323
  15.537    6.919    6.365
  14.487    6.853    5.458
  15.158    2.860    9.253
  14.284    1.751    9.338
  15.340    7.066    4.653
  14.293    7.978    5.799
  13.610    6.810    4.690
  14.477    0.625    8.997
  13.430    1.538   10.142
  14.758    1.556    9.927
   8.958   18.382   13.806
   7.770   18.538   13.184
   7.316   19.802   12.739
   6.084   19.963   12.094
   5.262   18.866   11.870
  10.146   18.227   14.428
  10.600   16.963   14.873
   5.219   19.289   10.757
   4.422   19.563   12.348
   4.562   17.954   11.677
  11.440   16.266   14.396
  10.643   16.539   15.986
  11.214   17.384   15.108
   8.861   18.451   17.754
   7.545   18.609   18.012
   6.687   17.506   18.232
   5.322   17.669   18.500
   4.768   18.942   18.556
  10.177   18.293   17.497
  11.035   19.396   17.276
   4.307   18.554   19.584
   3.952   18.478   17.821
   4.289   20.004   18.606
  11.851   19.860   18.011
  11.496   19.784   16.248
  11.567   18.830   17.194
   6.275    8.922   19.159
   6.653    7.627   19.138
   5.712    6.570   19.162
   6.103    5.227   19.140
   7.450    4.891   19.093
   5.898   10.218   19.181
   6.839   11.274   19.157
   7.109    4.181   18.199
   7.168    4.169   19.998
   8.578    4.595   19.054
   7.122   11.997   18.252
   7.181   11.984   20.051
   6.192   11.710   19.181
  14.626    8.638    8.357
  15.166    9.800    8.782
  16.517    9.894    9.190
  17.077   11.099    9.631
  16.305   12.253    9.680
  14.086    7.476    7.932
  12.734    7.382    7.524
  17.224   12.737    9.096
  16.742   12.343   10.785
  15.669   13.229    9.726
  12.297    7.292    6.419
  11.815    6.898    8.108
  12.933    6.636    7.406
  16.984   12.294    1.763
  17.596   13.497    1.738
  17.791   14.263    2.912
  18.426   15.511    2.886
  18.890   16.036    1.686
  16.371   11.091    1.788
  16.177   10.324    0.614
  19.896   16.209    2.301
  18.307   17.013    2.039
  19.284   16.488    0.686
  16.759    9.347    0.262
  15.171   10.151   -0.000
  15.843    9.831    1.120
   4.557   13.740   17.415
   5.455   14.588   16.869
   5.062   15.788   16.230
   5.993   16.667   15.664
   7.350   16.377   15.716
   3.659   12.893   17.961
   4.052   11.693   18.599
   7.441   17.495   16.117
   7.315   16.619   14.550
   8.493   16.146   15.753
   4.088   11.450   19.765
   3.961   10.575   18.198
   3.281   11.620   18.702
  10.314    9.597    8.272
   9.493   10.247    7.421
   9.978   11.193    6.486
   9.126   11.867    5.603
   7.759   11.619    5.622
  11.135    8.948    9.124
  10.651    8.002   10.059
   7.896   11.496    4.445
   7.676   12.807    5.658
   6.610   11.421    5.628
  10.734    6.814   10.023
  10.513    8.125   11.236
  11.408    7.957   10.245
   6.212   16.288    7.303
   6.817   15.658    6.273
   6.279   15.674    4.964
   6.906   15.021    3.897
   8.093   14.329    4.099
   5.607   16.918    8.333
   6.145   16.902    9.642
   8.465   14.949    3.152
   7.531   13.454    3.517
   9.090   13.744    4.255
   6.708   17.777   10.223
   5.774   16.282   10.589
   5.513   17.334    9.792
  11.170    2.964    3.788
  10.360    2.275    2.957
  10.500    2.336    1.550
   9.660    1.621    0.689
   8.649    0.819    1.203
  11.980    3.654    4.619
  11.839    3.593    6.026
   9.103   -0.000    0.466
   7.968    1.396    0.414
   7.797    0.142    1.621
  12.521    3.016    6.815
  11.386    4.412    6.763
  12.446    4.084    6.001
  14.015   16.085    6.100
  13.426   15.010    5.535
  14.038   13.734    5.532
  13.428   12.619    4.946
  12.183   12.740    4.341
  14.605   17.160    6.665
  13.992   18.436    6.667
  11.913   11.786    5.003
  12.712   12.172    3.437
  11.138   12.827    3.830
  13.464   19.004    7.571
  14.262   19.389    6.005
  14.646   18.631    7.048
   3.267    7.883   13.752
   2.649    8.933   13.172
   1.870    9.850   13.917
   1.229   10.940   13.315
   1.343   11.151   11.947
   3.886    6.833   14.333
   4.664    5.915   13.588
   1.618   12.263   12.273
   0.157   11.249   11.994
   1.431   11.339   10.799
   5.851    5.816   13.540
   4.390    4.802   13.262
   4.758    5.588   14.291
   2.155    2.323    9.350
   1.762    3.610    9.248
   0.559    3.978    8.600
   0.151    5.313    8.495
   0.932    6.328    9.034
   2.549    1.036    9.452
   3.752    0.668   10.100
  -0.096    6.682    9.522
   0.790    6.830    7.962
   1.577    7.190    9.482
   3.894    0.166   11.172
   4.780    0.314    9.612
   3.516   -0.049    9.898
   5.323    9.115    2.981
   4.592    7.981    2.934
   5.193    6.701    2.906
   4.434    5.525    2.858
   3.047    5.588    2.836
   6.055   10.248    3.027
   5.453   11.529    3.055
   3.126    4.786    3.714
   3.157    4.840    1.915
   1.881    5.627    2.818
   5.343   12.277    3.976
   5.374   12.331    2.177
   6.199   11.762    3.075
  14.503   11.506   11.671
  15.153   10.396   11.261
  14.499    9.148   11.134
  15.174    7.997   10.709
  16.526    8.053   10.396
  13.853   12.615   12.081
  14.507   13.864   12.209
  16.186    7.492    9.401
  16.598    7.102   11.110
  17.661    8.087   10.130
  14.435   14.815   11.495
  14.846   14.425   13.204
  13.794   14.094   12.433
   9.753    7.098   13.023
   8.524    7.655   13.000
   8.178    8.744   13.836
   6.903    9.322   13.811
   5.929    8.833   12.950
  10.982    6.540   13.047
  11.328    5.452   12.211
   5.797    9.981   12.658
   5.250    8.830   13.929
   5.102    8.432   12.232
  12.007    5.455   11.232
  11.461    4.304   12.504
  12.015    5.528   12.575
  12.759    4.674   19.711
  12.309    3.418   19.504
  11.064    2.974   20.009
  10.598    1.671   19.794
  11.360    0.766   19.066
  13.208    5.930   19.918
  14.453    6.374   19.412
  10.342    0.584   18.475
  11.149    0.044   19.990
  11.989   -0.003   18.457
  14.664    7.096   18.488
  15.471    6.557   20.004
  14.238    7.038   19.763
   8.876    3.532    7.717
   7.930    2.768    7.129
   6.924    3.323    6.304
   5.943    2.531    5.695
   5.934    1.156    5.889
   9.821    4.296    8.304
  10.828    3.741    9.130
   5.845    1.119    4.702
   4.782    1.330    6.139
   5.915    0.000    6.044
  11.980    3.567    8.880
  10.917    3.777   10.317
  11.047    4.488    9.183
  18.791    3.294   10.696
  18.987    4.424   11.407
  18.496    5.678   10.974
  18.699    6.850   11.712
  19.402    6.810   12.910
  18.594    2.164    9.984
  19.086    0.910   10.417
  18.471    7.426   13.327
  20.007    7.721   12.436
  19.990    6.790   13.917
  18.482   -0.001   10.891
  20.017    0.294   10.000
  18.749    0.668    9.755
  19.106   13.000   11.314
  19.109   12.593   12.601
  19.108   11.223   12.955
  19.112   10.801   14.290
  19.116   11.735   15.319
  19.102   13.406   10.027
  19.103   14.776    9.673
  20.017   11.076   15.738
  18.217   11.078   15.743
  19.120   12.508   16.192
  20.002   15.433    9.248
  18.202   15.435    9.254
  19.100   14.480    8.950
  13.437   18.725    3.607
  14.084   17.833    2.827
  15.196   18.200    2.033
  15.867   17.275    1.224
  15.451   15.951    1.181
  12.789   19.617    4.387
  11.677   19.251    5.181
  16.604   15.717    1.367
  15.499   16.109    0.001
  15.111   14.836    1.136
  11.628   19.092    6.361
  10.523   19.484    4.996
  11.703   20.006    5.377
   7.375   11.609   14.581
   8.439   12.236   14.037
   9.768   11.879   14.365
  10.872   12.529   13.800
  10.686   13.560   12.888
   6.310   10.982   15.125
   4.981   11.340   14.797
  11.473   12.948   12.234
  11.461   14.140   13.583
  10.545   14.426   12.120
   4.206   10.759   14.102
   4.194   11.951   15.451
   4.815   10.767   15.302
   0.302   14.775    4.827
   0.501   15.979    5.404
   0.021   16.279    6.701
   0.227   17.528    7.298
   0.921   18.522    6.620
   0.103   13.570    4.251
   0.583   13.271    2.954
   1.536   18.606    7.638
  -0.008   19.201    6.929
   1.502   19.366    6.062
   1.513   12.592    2.646
  -0.032   13.187    1.937
   0.248   12.582    3.105
   1.119   13.099   19.270
   0.996   14.422   19.032
   1.303   15.393   20.014
   1.176   16.765   19.767
   0.738   17.215   18.528
   1.241   11.776   19.509
   0.935   10.805   18.526
   1.690   17.927   18.595
  -0.012   17.875   19.178
   0.371   17.606   17.492
   1.685   10.145   17.876
  -0.018   10.092   18.459
   1.146   10.315   19.097
  15.476   14.846    7.183
  14.313   14.327    7.631
  13.262   15.144    8.110
  12.056   14.605    8.574
  11.858   13.230    8.575
  16.639   15.366    6.736
  17.690   14.549    6.257
  10.831   13.508    8.039
  11.514   13.411    9.701
  11.679   12.077    8.581
  18.034   14.368    5.130
  18.717   14.271    6.793
  18.038   15.241    6.154
   9.718    7.693    1.496
   8.658    6.870    1.349
   7.906    6.822    0.152
   6.806    5.969   -0.000
   6.420    5.133    1.040
  10.778    8.516    1.642
  11.530    8.564    2.840
   6.424    4.294    0.195
   5.337    5.582    0.825
   6.084    4.427    1.905
  12.613    8.115    3.054
  11.526    9.404    3.685
  11.934    9.100    2.440
  15.973   18.175   10.358
  14.990   18.549   11.204
  14.985   18.163   12.566
  13.966   18.551   13.443
  12.915   19.340   12.991
  16.956   17.800    9.512
  16.961   18.187    8.151
  13.169   19.999   13.951
  12.239   18.518   13.526
  12.028   20.002   12.625
  17.638   19.009    7.615
  16.708   17.527    7.191
  17.623   17.772    8.146
   6.632   18.524    5.633
   7.433   18.661    6.711
   8.018   17.545    7.357
   8.848   17.687    8.475
   9.124   18.948    8.987
   5.831   18.388    4.555
   5.246   19.503    3.909
  10.255   18.576    8.945
   8.821   18.450   10.026
   9.363   20.001    9.428
   5.549   20.002    2.870
   4.115   19.876    3.951
   4.948   18.947    3.450
  16.967    9.152   15.110
  17.572    7.977   15.386
  17.082    7.095   16.378
  17.710    5.877   16.664
  18.851    5.498   15.969
  16.361   10.326   14.834
  16.851   11.208   13.842
  18.264    4.471   15.824
  19.288    5.289   17.057
  19.809    5.167   15.392
  16.414   11.417   12.753
  17.439   12.235   13.987
  16.237   11.635   14.069
   1.694   12.006    4.930
   1.623   10.863    4.217
   2.429   10.639    3.075
   2.355    9.453    2.335
   1.472    8.448    2.710
   1.765   13.150    5.643
   0.959   13.374    6.785
   2.430    7.746    2.604
   1.156    8.476    1.562
   0.736    7.596    3.014
   1.275   13.346    7.933
   0.001   14.075    6.891
   1.343   14.054    6.791
  15.115    8.270    2.487
  15.483    7.073    1.981
  15.805    6.903    0.614
  16.186    5.662    0.090
  16.259    4.547    0.915
  14.747    9.466    2.992
  14.425    9.636    4.360
  17.333    4.410    0.417
  15.610    4.032    0.058
  16.324    3.602    1.596
  15.074   10.151    5.216
  13.351    9.773    4.857
  14.311   10.374    4.131
   3.336    6.348    8.385
   3.591    7.629    8.726
   4.187    7.971    9.963
   4.452    9.300   10.316
   4.130   10.333    9.446
   3.081    5.067    8.044
   2.485    4.724    6.806
   5.248   10.686    9.658
   3.617   10.811   10.409
   3.865   11.210    8.724
   2.998    4.246    5.843
   1.367    4.371    6.594
   2.561    4.001    7.091
   9.795    2.154   12.687
   9.553    3.056   13.663
   9.344    2.667   15.007
   9.093    3.602   16.019
   9.041    4.958   15.722
  10.038    1.253   11.712
  10.246    1.641   10.367
   9.786    5.056   16.647
   8.019    4.920   16.333
   8.996    6.099   15.486
  11.269    1.679    9.756
   9.501    1.543    9.442
  10.323    0.870   10.268
   5.982    5.410    6.194
   6.868    6.317    5.731
   6.660    7.017    4.519
   7.579    7.958    4.038
   8.738    8.232    4.753
   5.097    4.503    6.658
   5.305    3.803    7.870
   8.410    9.367    4.598
   9.271    8.067    3.700
   9.716    8.472    5.342
   4.772    3.968    8.923
   5.633    2.668    8.025
   4.619    3.481    7.678
   4.276    4.018   18.348
   5.226    3.059   18.380
   4.992    1.755   17.882
   5.977    0.761   17.915
   7.231    1.035   18.447
   3.326    4.976   18.317
   3.560    6.280   18.814
   7.624    0.546   17.434
   7.048    0.029   19.059
   8.288    1.252   18.890
   3.743    7.286   18.202
   3.167    6.769   19.827
   2.820    6.385   18.585
   9.064   16.856    2.236
   9.980   15.932    1.878
   9.622   14.750    1.186
  10.572   13.791    0.815
  11.914   13.980    1.121
   8.147   17.781    2.595
   8.505   18.962    3.286
  12.080   13.714   -0.028
  11.839   12.867    1.542
  13.043   14.125    1.373
   8.579   20.075    2.866
   8.339   19.228    4.436
   7.737   19.095    3.240
  10.943   15.048   18.833
  11.898   14.104   18.972
  13.251   14.352   18.643
  14.242   13.374   18.787
  13.914   12.111   19.265
   9.987   15.992   18.695
   8.634   15.743   19.024
  14.835   12.293   19.999
  14.528   11.735   18.316
  13.653   11.047   19.665
   8.020   16.119   19.973
   7.713   15.561   18.289
   8.552   16.484   18.793
  17.201    1.400   15.428
  16.809    1.837   16.643
  17.357    1.318   17.840
  16.950    1.772   19.101
  15.980    2.760   19.209
  17.593    0.963   14.212
  17.045    1.482   13.016
  16.767    3.268   19.947
  15.484    2.006   19.987
  15.167    3.590   19.315
  17.541    2.236   12.238
  16.259    0.974   12.278
  17.539    0.970   12.693
   5.805    6.376   16.398
   4.560    5.857   16.464
   4.294    4.503   16.150
   3.004    3.965   16.219
   1.933    4.761   16.604
   7.049    6.895   16.331
   7.315    8.249   16.645
   1.698    3.860   17.347
   1.417    4.314   15.628
   1.025    5.419   16.926
   7.831    8.697   17.622
   7.550    9.151   15.903
   8.045    8.036   16.470
  13.302    8.111   16.582
  15.373    2.945    6.351
  15.627   14.086    3.268
   8.895   17.109    4.629
   8.818    6.661    6.877
  16.503    9.491   17.972
  17.847    9.294   17.125
  15.160    9.688   18.819
  16.238   10.882   17.227
  16.769    8.101   18.717
  17.331   10.258   19.107
  15.676    8.725   16.837
   1.085   10.349    7.828
   2.163   11.424    7.337
   0.006    9.275    8.320
   0.187   10.661    6.541
   1.982   10.038    9.116
   0.315   11.493    8.641
   1.854    9.206    7.016
   7.197    6.199    9.314
   7.279    7.202   10.558
   7.115    5.196    8.070
   7.336    7.435    8.308
   7.058    4.962   10.320
   5.605    6.358    9.290
   8.789    6.039    9.338
   1.533   18.664   14.622
   0.185   17.825   14.821
   2.880   19.504   14.423
   2.302   17.328   14.194
   0.764   20.001   15.050
   1.923   18.399   16.151
   1.142   18.929   13.093
  12.452   17.397   10.106
  11.894   17.142    8.628
  13.009   17.653   11.583
  13.927   17.590    9.516
  10.977   17.205   10.695
  12.723   15.830   10.274
  12.180   18.965    9.937
