  14.140   15.085   19.960
  13.002   15.809   20.010
  13.260   17.061   19.910
  14.497   17.335   19.789
  15.199   15.827   19.824
  15.983   16.508   19.716
  15.830   14.954   19.826
  12.523   17.766   19.927
  14.075   17.604   19.807
  13.602    6.420   18.667
  13.603    7.392   17.729
  12.563    8.132   17.847
  11.783    7.797   18.795
  12.562    6.477   19.444
  11.695    6.609   20.012
  12.907    5.619   19.995
  12.391    8.921   17.224
  11.783    8.157   18.448
   1.724    2.423   11.702
   1.996    1.105   11.816
   2.993    0.919   12.599
   3.492    1.986   13.082
   2.529    3.163   12.404
   3.224    3.666   12.999
   2.026    4.055   12.071
   3.346   -0.015   12.809
   3.593    1.498   13.124
  18.720    2.795    0.487
  17.405    3.095    0.419
  16.695    2.032    0.509
  17.368    0.959    0.637
  18.935    1.520    0.623
  19.000    0.483    0.731
  19.999    1.685    0.636
  15.676    2.060    0.478
  16.881    1.070    0.612
  12.442   17.950   15.876
  13.721   17.552   15.707
  14.529   18.409   16.211
  13.963   19.417   16.743
  12.350   19.087   16.499
  12.385   20.001   17.003
  11.276   19.052   16.438
  15.540   18.280   16.178
  14.437   19.270   16.681
   5.073   16.905    7.613
   5.875   16.765    6.537
   5.451   15.823    5.778
   4.397   15.245    6.196
   4.084   16.061    7.612
   3.329   15.346    7.518
   3.720   16.463    8.543
   5.930   15.571    4.914
   4.694   15.193    5.797
   3.054   12.855   19.422
   1.756   13.198   19.277
   0.998   12.186   19.487
   1.618   11.114   19.777
   3.209   11.603   19.733
   3.226   10.589   19.981
   4.279   11.724   19.754
  -0.018   12.252   19.424
   1.138   11.241   19.724
  11.078    3.979   16.245
  10.079    4.855   16.008
   8.939    4.285   16.146
   9.000    3.054   16.465
  10.642    2.792   16.549
  10.192    1.880   16.782
  11.651    2.431   16.652
   8.064    4.790   16.006
   8.630    3.379   16.378
  11.682   19.397    5.403
  12.165   20.004    6.508
  11.527   19.616    7.549
  10.606   18.769    7.317
  10.705   18.582    5.666
   9.932   17.955    5.982
  10.614   18.329    4.623
  11.751   19.968    8.480
  10.784   18.994    7.727
   1.516    1.351   18.275
   2.591    1.742   18.993
   2.468    2.963   19.360
   1.390    3.522   18.977
   0.637    2.299   18.137
  -0.003    3.122   18.084
   0.001    1.646   17.563
   3.184    3.434   19.913
   1.788    3.667   19.243
  11.273    5.574    0.010
  11.961    4.412    0.009
  11.158    3.413   -0.001
   9.925    3.729   -0.008
   9.986    5.392    0.001
   8.972    5.141   -0.007
   9.820    6.457    0.005
  11.495    2.451   -0.004
  10.179    3.299   -0.008
   3.964   18.084   12.252
   3.179   17.062   11.848
   1.958   17.441   11.761
   1.762   18.661   12.066
   3.296   19.181   12.449
   2.670   20.007   12.578
   4.197   19.698   12.732
   1.216   16.804   11.470
   1.471   18.282   11.917
  13.465    4.765    4.917
  14.452    3.872    4.689
  14.243    2.792    5.347
  13.181    2.801    6.049
  12.562    4.314    5.736
  11.894    3.860    6.398
  12.011    5.236    5.660
  14.884    2.001    5.300
  13.547    2.470    5.965
   2.932   17.103    4.386
   1.598   16.996    4.212
   1.013   18.089    4.537
   1.797   19.006    4.941
   3.286   18.271    4.834
   3.465   19.235    5.192
   4.321   17.974    4.836
   0.001   18.198    4.472
   1.302   18.967    4.876
  10.042    2.219   11.287
   9.452    2.626   12.431
  10.149    3.542   12.995
  11.212    3.856   12.370
  11.154    2.849   11.046
  12.029    3.408   10.944
  11.293    2.287   10.138
   9.861    3.973   13.873
  10.993    4.006   12.794
  13.209   16.215    2.178
  13.886   17.338    1.856
  14.410   17.229    0.691
  14.182   16.118    0.112
  13.256   15.316    1.239
  13.353   14.665    0.430
  12.655   14.646    1.830
  14.961   17.980    0.276
  14.432   16.534   -0.007
  17.474    3.349    5.521
  18.001    4.377    6.220
  19.245    4.516    5.947
  19.695    3.679    5.101
  18.348    2.765    4.756
  19.121    2.368    4.178
  17.601    2.072    4.407
  19.814    5.244    6.380
  19.891    4.059    5.359
  16.007    7.369   13.429
  16.493    8.628   13.440
  15.864    9.361   12.597
  14.947    8.756   11.954
  15.036    7.215   12.578
  14.269    7.196   11.870
  14.939    6.178   12.852
  16.093   10.346   12.464
  15.127    9.222   11.958
   8.964   11.900   13.797
   9.821   10.876   13.597
   9.213    9.753   13.702
   7.971    9.849   13.963
   7.752   11.497   14.042
   6.817   11.073   14.229
   7.416   12.516   14.133
   9.699    8.865   13.582
   8.288    9.470   13.889
   7.022   14.350   18.823
   6.299   13.459   18.111
   4.914   13.273   18.329
   4.164   12.349   17.591
   4.774   11.579   16.608
   7.745   15.241   19.535
   9.131   15.427   19.317
   3.861   11.947   15.937
   4.224   10.676   17.159
   5.272   10.926   15.781
   9.681   16.330   18.767
  10.044   15.059   19.989
   9.042   15.952   19.889
   8.601   15.413    8.681
   9.916   15.312    8.970
  10.707   16.447    9.269
  12.071   16.342    9.568
  12.692   15.100    9.578
   7.286   15.514    8.393
   6.495   14.380    8.093
  13.104   15.458   10.637
  13.501   15.643    8.891
  13.226   14.063    9.590
   5.687   13.836    8.780
   6.084   14.021    7.034
   5.936   14.920    8.023
   2.115    2.234   15.342
   1.701    3.305   14.631
   0.330    3.615   14.471
  -0.099    4.725   13.734
   0.829    5.565   13.129
   2.528    1.164   16.054
   3.899    0.854   16.213
   0.197    6.427   13.656
   0.142    5.417   12.167
   1.596    6.277   12.617
   4.586    1.002   17.176
   4.531   -0.008   15.687
   3.607    0.260   16.628
  10.066    9.710   16.433
  10.475    8.701   15.634
   9.656    7.578   15.365
  10.080    6.532   14.537
  11.338    6.571   13.949
   9.658   10.718   17.231
  10.477   11.841   17.501
  10.738    6.313   12.953
  11.431    5.464   14.380
  12.392    6.590   13.449
  10.384   12.947   17.069
  11.077   12.099   18.497
   9.859   12.055   17.928
  12.243   18.171    3.082
  13.397   18.306    3.769
  14.146   19.507    3.748
  15.343   19.647    4.460
  15.834   18.592    5.219
  11.089   18.036    2.394
  10.340   16.836    2.415
  15.932   19.420    6.070
  16.852   18.822    4.643
  16.257   17.714    5.860
   9.322   16.606    2.991
  10.242   16.007    1.564
   9.872   17.244    1.942
  13.281   11.783   12.987
  14.260   12.186   13.825
  15.253   11.298   14.302
  16.268   11.716   15.171
  16.326   13.038   15.594
  12.303   11.379   12.150
  11.310   12.267   11.672
  17.469   12.957   15.265
  16.428   12.552   16.676
  16.387   14.145   15.956
  11.209   12.754   10.590
  10.168   12.349   12.001
  11.062   11.624   11.305
  16.590   13.058   13.246
  15.814   14.163   13.230
  14.476   14.134   12.771
  13.672   15.279   12.755
  14.176   16.495   13.198
  17.365   11.954   13.261
  18.703   11.983   13.721
  13.171   16.532   13.837
  13.736   16.905   12.169
  14.587   17.522   13.567
  19.144   11.573   14.750
  19.709   11.947   13.082
  18.670   11.224   13.540
  13.487    5.343   10.982
  12.899    6.237   10.159
  13.366    6.464    8.842
  12.756    7.392    7.989
  11.659    8.126    8.422
  14.074    4.448   11.804
  13.608    4.221   13.121
  11.178    7.768    7.392
  12.279    9.054    8.004
  10.737    8.748    8.772
  12.988    3.293   13.539
  14.089    4.579   14.151
  14.199    3.711   13.129
  10.920    7.184   10.308
  10.415    6.093    9.693
   9.540    5.198   10.354
   9.016    4.067    9.717
   9.348    3.790    8.397
  11.425    8.275   10.922
  12.300    9.170   10.261
   8.171    3.669    8.262
   9.582    2.701    8.820
   9.619    3.546    7.289
  12.066   10.259    9.838
  13.477    9.291   10.396
  12.277    9.535   10.952
  11.797   15.974    7.417
  11.386   14.696    7.274
  10.039   14.369    6.986
   9.613   13.044    6.838
  10.517   11.999    6.972
  12.208   17.252    7.560
  13.554   17.579    7.848
  10.047   11.631    5.941
   9.691   11.549    7.703
  11.266   11.111    7.082
  14.381   18.028    7.117
  14.025   17.946    8.880
  13.271   18.306    7.825
  16.779   13.115    3.667
  17.403   14.301    3.828
  16.687   15.518    3.927
  17.334   16.748    4.093
  18.721   16.805    4.167
  16.155   11.928    3.507
  16.870   10.712    3.408
  18.511   17.467    5.136
  18.599   17.663    3.349
  19.883   16.867    4.231
  16.992    9.854    4.226
  17.079   10.050    2.439
  16.150   10.417    3.340
   5.631    4.269   14.603
   5.942    4.168   15.913
   5.376    3.172   16.744
   5.698    3.068   18.102
   6.598    3.955   18.678
   5.321    4.370   13.293
   5.887    5.366   12.463
   7.106    2.963   19.100
   5.750    4.074   19.507
   7.352    4.693   19.175
   6.735    5.247   11.634
   5.379    6.358   12.041
   5.441    5.019   11.923
   1.813   11.408   15.331
   1.501   10.385   16.154
   1.688   10.465   17.554
   1.364    9.403   18.408
   0.841    8.224   17.891
   2.126   12.432   14.508
   1.939   12.352   13.107
   0.020    8.368   18.742
   1.685    7.711   18.557
   0.402    7.229   17.471
   1.095   12.865   12.441
   2.760   12.208   12.256
   2.228   13.077   13.135
   7.192    8.583   15.582
   7.844    8.926   16.714
   8.789    8.068   17.324
   9.465    8.424   18.498
   9.220    9.651   19.102
   6.541    8.239   14.451
   5.595    9.097   13.840
  10.408    9.740   19.107
   9.097    8.993   20.089
   9.023   10.677   19.620
   5.718    9.755   12.854
   4.407    9.008   13.836
   5.549    8.508   13.330
  11.079    3.798    4.197
  12.041    2.882    3.956
  11.769    1.493    3.942
  12.767    0.544    3.693
  14.073    0.949    3.447
  10.116    4.713    4.438
  10.389    6.102    4.451
  13.985    0.219    2.509
  14.343    0.132    4.271
  15.173    1.275    3.240
  10.118    6.919    3.627
  10.477    6.832    5.389
   9.625    6.142    4.608
  10.766    8.885    4.658
   9.424    8.991    4.553
   8.779   10.244    4.417
   7.388   10.354    4.309
   6.592    9.215    4.331
  12.108    8.779    4.763
  12.753    7.527    4.898
   6.102    9.697    3.357
   5.972    9.823    5.148
   5.912    8.268    4.348
  13.372    6.919    4.081
  13.242    7.045    5.872
  13.391    7.977    4.912
  15.828   19.241   11.620
  14.525   18.887   11.604
  13.487   19.848   11.588
  12.136   19.480   11.572
  11.775   18.138   11.571
  17.130   19.596   11.635
  18.169   18.635   11.651
  11.077   18.460   10.661
  11.054   18.466   12.461
  11.459   17.016   11.571
  18.891   18.307   10.762
  18.868   18.313   12.561
  18.617   19.275   11.655
   5.655    3.259    3.613
   6.178    2.578    4.655
   7.481    2.029    4.613
   8.024    1.322    5.694
   7.282    1.140    6.854
   5.132    3.941    2.572
   3.829    4.490    2.613
   8.270    1.532    7.392
   7.603   -0.001    6.724
   6.670    0.979    7.834
   3.508    5.630    2.743
   2.841    4.097    2.075
   4.018    4.722    1.892
  17.580    9.478   10.746
  18.012    8.211   10.916
  17.115    7.122   11.035
  17.563    5.808   11.212
  18.923    5.534   11.276
  17.148   10.746   10.575
  18.045   11.834   10.456
  18.661    4.698   10.469
  18.622    4.925   12.254
  20.062    5.291   11.331
  18.346   12.444    9.478
  18.307   12.671   11.263
  17.379   12.238   10.391
   8.305   12.878   16.296
   7.664   11.843   16.879
   7.601   11.695   18.285
   6.936   10.622   18.889
   6.309    9.658   18.109
   8.947   13.913   15.713
   9.009   14.061   14.307
   5.386    9.857   18.836
   6.907    8.895   18.802
   5.779    8.842   17.467
   8.411   14.824   13.614
   9.932   13.862   13.580
   9.416   14.699   14.499
   3.962   18.390   14.484
   5.291   18.572   14.330
   6.188   17.484   14.210
   7.566   17.672   14.050
   8.096   18.955   14.006
   2.633   18.209   14.638
   1.736   19.297   14.758
   8.648   18.553   13.029
   8.858   18.529   14.816
   8.555   20.027   13.966
   0.975   19.724   13.947
   1.185   19.699   15.734
   1.212   18.721   14.812
   7.609    3.400   14.146
   7.780    4.528   13.426
   8.074    5.771   14.037
   8.252    6.941   13.290
   8.143    6.912   11.905
   7.437    2.271   14.866
   7.144    1.029   14.255
   9.182    7.494   11.941
   7.421    7.845   12.072
   8.054    6.901   10.743
   7.865    0.095   14.088
   6.105    0.446   14.219
   7.150    0.783   14.997
  12.956    0.879   12.905
  14.053    1.590   12.566
  15.004    1.104   11.638
  16.142    1.840   11.286
  16.368    3.090   11.850
  11.860    0.169   13.244
  10.908    0.655   14.172
  16.540    3.425   10.719
  17.456    2.653   12.063
  16.570    4.140   12.315
   9.820    1.092   13.959
  10.736    0.320   15.302
  10.563   -0.028   14.014
  19.071   13.883    6.282
  18.956   13.340    5.052
  20.076   12.837    4.347
  19.957   12.274    3.071
  18.715   12.194    2.453
  19.185   14.426    7.513
  18.066   14.929    8.218
  19.025   11.058    2.267
  19.288   12.678    1.528
  17.678   12.120    1.924
  17.493   14.444    9.143
  17.756   16.064    8.404
  18.610   15.086    8.756
  13.944   10.253   16.183
  13.419   11.451   15.848
  12.155   11.568   15.222
  11.611   12.810   14.875
  12.311   13.980   15.141
  14.469    9.056   16.518
  15.733    8.939   17.144
  11.277   14.336   15.616
  12.068   14.231   14.002
  12.887   14.970   15.359
  15.976    8.688   18.283
  16.766    8.583   16.669
  15.561    8.178   17.109
   6.728   11.296    7.143
   7.422   11.719    6.065
   7.664   13.091    5.819
   8.384   13.529    4.701
   8.887   12.611    3.789
   6.034   10.874    8.221
   5.792    9.502    8.467
   9.900   13.222    3.929
   8.372   13.323    2.984
   9.315   11.850    3.015
   6.307    8.790    9.271
   4.778    8.890    8.326
   5.423    9.788    9.093
   4.158    6.800   15.004
   3.953    6.415   13.727
   3.527    7.324   12.729
   3.313    6.925   11.404
   3.519    5.603   11.030
   4.364    7.184   16.282
   4.790    6.275   17.280
   4.156    6.089   10.147
   2.439    5.711   10.537
   3.688    4.497   10.701
   5.870    6.167   17.772
   4.154    5.790   18.162
   4.752    6.914   17.728
   7.582   12.788   10.300
   7.715   14.131   10.340
   6.595   14.994   10.414
   6.733   16.386   10.455
   7.995   16.966   10.424
   7.449   11.445   10.260
   8.569   10.583   10.186
   7.593   17.581   11.362
   7.521   17.642    9.565
   9.048   17.466   10.399
   9.043    9.907   11.045
   8.971    9.968    9.248
   8.013   10.035   10.190
  18.976   16.767   15.372
  18.309   17.503   16.286
  18.588   18.874   16.493
  17.896   19.638   17.441
  16.900   19.056   18.216
  19.644   16.031   14.458
  19.364   14.659   14.251
  16.263   20.003   17.874
  17.486   19.566   19.120
  16.062   18.581   18.873
  18.778   14.150   13.347
  20.002   13.712   14.592
  19.932   14.733   13.719
   4.650   16.525   15.457
   4.790   15.575   14.507
   5.081   15.898   13.161
   5.226   14.914   12.176
   5.084   13.571   12.502
   4.511   17.474   16.406
   4.219   17.151   17.753
   6.116   13.454   11.918
   4.355   13.553   11.560
   4.968   12.440   12.763
   4.949   17.169   18.695
   3.187   17.268   18.337
   4.246   17.927   17.834
  15.449   16.119   15.705
  15.917   15.994   14.445
  17.230   16.386   14.090
  17.715   16.256   12.784
  16.906   15.730   11.785
  14.981   16.244   16.965
  13.668   15.852   17.320
  17.851   15.040   11.562
  17.253   16.693   11.176
  16.237   15.289   10.937
  13.320   14.889   17.929
  12.722   16.542   17.543
  13.899   16.100   18.024
  16.090    1.950   15.213
  17.031    2.918   15.226
  18.344    2.695   14.749
  19.319    3.699   14.762
  19.016    4.963   15.253
  15.150    0.982   15.201
  13.836    1.205   15.677
  19.509    5.334   14.233
  20.019    4.818   15.880
  18.775    6.028   15.661
  12.834    1.351   15.050
  13.344    0.834   16.697
  13.748    0.457   15.470
  17.084   12.137    6.574
  16.148   12.588    5.711
  15.884   13.968    5.544
  14.914   14.434    4.649
  14.174   13.538    3.888
  18.019   11.687    7.438
  18.283   10.307    7.605
  14.485   14.248    2.984
  13.245   14.169    4.286
  13.546   12.796    3.244
  19.212    9.676    7.207
  17.972    9.596    8.509
  18.805   10.578    8.119
   2.325    8.354    2.795
   2.675    9.530    3.358
   3.504   10.463    2.691
   3.867   11.683    3.275
   3.415   12.012    4.547
   1.975    7.178    2.232
   1.147    6.244    2.899
   3.107   13.041    4.029
   4.562   12.263    4.748
   3.042   12.301    5.613
  -0.001    5.994    2.697
   1.455    5.216    3.416
   1.255    5.838    2.240
  11.711    6.243   16.951
  11.982    7.136   15.975
  13.275    7.266   15.415
  13.555    8.192   14.403
  12.553    9.021   13.916
  11.441    5.350   17.926
  10.148    5.219   18.486
  12.942    8.649   12.853
  13.356    9.882   14.096
  11.721    9.723   13.497
   9.344    4.358   18.305
   9.758    5.592   19.549
  10.503    4.670   18.912
   3.210   13.980   16.467
   4.422   14.575   16.448
   5.591   13.884   16.050
   6.847   14.501   16.030
   6.980   15.831   16.409
   1.999   13.385   16.486
   0.830   14.076   16.885
   7.586   15.926   15.387
   7.864   15.414   17.090
   7.105   16.947   16.724
  -0.054   14.494   16.204
   0.224   13.981   17.907
   0.498   13.386   16.731
  15.841    4.616    8.939
  15.350    3.360    8.871
  16.194    2.225    8.848
  15.684    0.922    8.778
  14.313    0.709    8.727
  16.332    5.871    9.007
  15.488    7.007    9.029
  14.533   -0.069    9.602
  14.587    0.007    7.805
  13.163    0.516    8.684
  15.213    7.709    9.952
  15.268    7.785    8.154
  16.172    7.382    9.066
   6.043    6.088    2.232
   6.369    5.634    3.461
   7.662    5.140    3.758
   8.000    4.669    5.033
   7.059    4.675    6.054
   5.716    6.542    1.003
   4.424    7.037    0.705
   7.929    5.200    6.676
   7.405    3.545    6.204
   6.279    4.675    6.921
   4.078    8.167    0.556
   3.554    6.511    0.083
   4.742    7.138   -0.001
   6.640    4.839    9.324
   7.067    5.883    8.582
   6.169    6.718    7.875
   6.612    7.801    7.106
   7.968    8.087    7.016
   6.214    3.795   10.066
   7.111    2.960   10.772
   7.620    9.195    7.282
   7.751    8.120    5.844
   9.104    8.339    6.931
   7.329    2.928   11.943
   7.460    1.852   10.506
   6.449    2.602   10.979
  14.379    4.768    7.116
  15.382    5.086    6.271
  15.637    6.422    5.879
  16.678    6.752    5.002
  17.500    5.758    4.486
  13.375    4.449    7.961
  13.120    3.114    8.353
  18.378    6.481    4.842
  17.262    6.284    3.444
  18.198    4.934    4.046
  13.358    2.588    9.396
  12.242    2.391    7.997
  12.548    3.455    8.761
  13.449   15.005    6.339
  13.963   14.054    7.148
  15.132   14.273    7.915
  15.664   13.287    8.754
  15.046   12.046    8.856
  12.936   15.956    5.530
  11.767   15.737    4.763
  15.139   12.242   10.028
  16.146   11.628    8.668
  14.538   11.001    8.951
  10.667   16.156    4.952
  11.674   15.542    3.591
  11.907   16.471    4.536
   2.001    6.849   15.543
   1.889    7.592   14.422
   1.606    8.978   14.465
   1.491    9.748   13.302
   1.654    9.160   12.054
   2.112    6.105   16.665
   2.395    4.720   16.621
   2.394   10.075   11.864
   0.631    9.717   11.802
   1.789    8.680   11.000
   3.418    4.163   16.873
   1.655    3.805   16.811
   2.352    4.795   17.397
  17.139    8.179    6.955
  16.188    9.084    6.639
  15.405    8.970    5.465
  14.420    9.908    5.137
  14.181   10.994    5.970
  18.089    7.274    7.272
  18.872    7.389    8.446
  13.043   10.658    5.867
  14.263   11.621    4.960
  13.971   11.910    6.660
  18.791    6.762    9.456
  20.010    7.725    8.548
  19.188    6.729    8.171
  10.675    3.165    2.130
  10.901    4.493    2.043
  12.205    5.037    2.103
  12.440    6.415    2.013
  11.378    7.297    1.859
  10.449    1.837    2.217
   9.144    1.293    2.157
  12.041    7.736    0.971
  11.899    7.877    2.760
  10.496    8.048    1.729
   8.623    0.712    1.256
   8.481    0.854    3.045
   9.535    0.622    2.241
   2.032    6.851    8.262
   2.439    8.057    8.712
   1.982    9.266    8.136
   2.403   10.517    8.602
   3.298   10.604    9.662
   1.625    5.645    7.812
   2.083    4.437    8.388
   2.505   11.380   10.097
   3.882   11.348    8.938
   4.048   10.691   10.551
   1.498    3.692    9.112
   2.875    3.660    7.953
   1.617    4.125    7.844
   5.651   11.280    1.898
  14.954   12.158    1.679
  15.304   20.001   14.482
  18.809    8.654   17.482
  17.369    5.704   13.884
  15.802    4.521   17.880
  15.571    2.965   17.590
  16.033    6.078   18.171
  16.632    4.652   16.519
  14.972    4.391   19.242
  17.150    4.174   18.669
  14.454    4.869   17.092
  18.680    1.457    7.945
  19.268    1.639    6.468
  18.092    1.276    9.422
  20.017    2.090    8.554
  17.343    0.825    7.335
  19.333   -0.001    8.025
  18.027    2.916    7.864
   3.885    6.846    5.745
   3.675    7.448    4.277
   4.095    6.245    7.212
   2.497    7.494    6.209
   5.273    6.199    5.281
   4.653    8.180    6.182
   3.117    5.513    5.308
  14.226   12.040   18.553
  13.193   13.007   19.299
  15.259   11.072   17.807
  14.161   12.972   17.254
  14.291   11.108   19.852
  13.006   11.171   17.991
  15.446   12.908   19.115
   4.176    1.064    9.648
   5.360   -0.006    9.762
   2.991    2.133    9.533
   3.151   -0.006   10.254
   5.200    2.133    9.042
   3.847    0.542    8.171
   4.504    1.586   11.124
