   9.910    5.123   20.001
   9.278    3.931   20.000
  10.127    2.971   19.999
  11.344    3.344   19.999
  11.205    5.002   20.001
  12.229    4.799   20.001
  11.320    6.073   20.002
   9.835    1.994   19.998
  11.109    2.902   19.999
   4.014   11.491   18.797
   4.043   12.796   18.450
   5.250   13.189   18.278
   6.130   12.289   18.467
   5.201   10.967   18.869
   6.193   10.643   18.899
   4.781   10.015   19.145
   5.471   14.149   18.012
   6.140   12.772   18.339
  14.341    5.386    7.936
  14.514    4.385    7.047
  13.408    3.774    6.835
  12.419    4.233    7.492
  13.112    5.479    8.351
  12.103    5.469    8.619
  13.371    6.312    8.981
  13.343    2.987    6.190
  12.483    3.862    7.162
  16.803   13.476   12.348
  17.201   14.677   12.818
  17.595   15.428   11.858
  17.527   14.890   10.706
  16.918   13.381   11.056
  17.048   13.406   10.021
  16.537   12.374   11.081
  17.933   16.377   12.020
  17.674   15.335   10.880
  17.549    3.771   10.349
  18.062    4.715    9.531
  19.337    4.605    9.462
  19.823    3.658   10.160
  18.463    2.997   10.855
  19.269    2.434   11.206
  17.715    2.439   11.393
  19.901    5.234    8.890
  20.013    4.008    9.857
  12.805   10.647    1.145
  11.864   10.685    0.178
  10.726   10.322    0.643
  10.735   10.015    1.878
  12.329   10.258    2.291
  11.851    9.936    3.162
  13.301   10.355    2.745
   9.891   10.287    0.057
  10.386   10.029    1.520
  11.450   10.104   15.043
  11.602   10.844   16.162
  10.477   11.333   16.534
   9.495   11.022   15.787
  10.219   10.073   14.627
   9.206   10.110   14.378
  10.499    9.444   13.799
  10.394   11.922   17.362
   9.551   11.296   16.201
  10.110    4.380   13.576
   9.737    5.642   13.877
  10.760    6.357   14.166
  11.870    5.736   14.106
  11.396    4.207   13.653
  12.435    4.172   13.743
  11.289    3.174   13.367
  10.675    7.341   14.420
  11.732    6.204   14.218
  13.823    7.487   12.648
  14.211    8.779   12.700
  15.490    8.864   12.724
  16.093    7.744   12.694
  14.829    6.663   12.635
  15.700    6.088   12.628
  14.158    5.821   12.594
  15.968    9.763   12.764
  16.237    8.222   12.714
  14.982    9.694    6.658
  14.506   10.510    5.693
  15.323   11.474    5.476
  16.371   11.448    6.198
  16.133   10.083    7.119
  17.051   10.478    7.421
  16.160    9.248    7.799
  15.133   12.193    4.779
  16.195   11.751    5.840
   3.728   15.579    8.438
   4.357   16.447    9.258
   3.732   16.548   10.373
   2.686   15.828   10.456
   2.659   15.069    8.975
   1.823   14.719    9.494
   2.471   14.488    8.088
   4.059   17.159   11.120
   2.919   16.149   10.760
  17.922   15.615    8.229
  18.909   14.742    7.936
  19.225   14.819    6.696
  18.557   15.677    6.035
  17.543   16.307    7.195
  17.313   16.807    6.308
  16.817   16.831    7.793
  19.953   14.233    6.289
  18.922   15.353    5.926
   2.643   11.167   12.430
   3.088   12.440   12.371
   2.116   13.264   12.512
   0.979   12.714   12.672
   1.358   11.095   12.612
   0.325   11.144   12.759
   1.401   10.019   12.602
   2.259   14.273   12.496
   1.144   13.186   12.650
  16.916   17.671   -0.003
  18.200   17.254   -0.001
  18.999   18.257   -0.000
  18.421   19.391   -0.001
  16.811   18.967   -0.002
  16.835   20.011   -0.002
  15.736   18.895   -0.003
  20.011   18.138    0.001
  18.896   19.236   -0.000
   8.226   15.763    8.033
   7.730   16.707    7.205
   6.450   16.650    7.173
   5.944   15.742    7.908
   7.295   15.041    8.583
   6.476   14.522    8.970
   8.033   14.466    9.115
   5.897   17.288    6.601
   5.761   16.092    7.601
  16.639   10.862   18.638
  17.221   11.846   17.919
  18.022   11.354   17.048
  18.089   10.083   17.054
  17.031    9.678   18.273
  17.408    8.776   17.906
  16.398    9.223   19.016
  18.554   11.946   16.411
  18.305   10.447   16.788
  12.754   14.244   12.322
  13.517   15.333   12.091
  12.797   16.393   12.079
  11.557   16.189   12.282
  11.497   14.537   12.473
  10.515   14.876   12.578
  11.256   13.498   12.623
  13.200   17.316   11.919
  11.840   16.593   12.196
   6.849    6.336    2.017
   7.755    7.079    2.687
   8.004    8.164    2.053
   7.361    8.297    0.963
   6.461    6.898    0.911
   6.216    7.431    0.047
   5.807    6.068    0.700
   8.667    8.855    2.406
   7.697    8.572    1.211
  13.695   15.441    3.477
  13.291   16.431    2.653
  12.823   15.947    1.563
  12.842   14.675    1.500
  13.511   14.260    2.967
  13.324   13.361    2.470
  13.922   13.798    3.849
  12.468   16.544    0.816
  12.693   15.042    1.195
   7.124   17.558   10.117
   6.433   16.407   10.257
   5.891   16.004   11.501
   5.175   14.810   11.647
   4.975   13.976   10.554
   7.814   18.710    9.977
   8.356   19.112    8.733
   3.838   13.998   10.910
   5.366   13.128   11.294
   4.799   13.267    9.645
   7.965   19.960    7.993
   9.493   19.090    8.377
   8.597   19.723    9.156
   2.735   10.397   17.084
   4.072   10.382   16.898
   4.792   11.545   16.535
   6.178   11.530   16.342
   6.895   10.351   16.506
   1.398   10.412   17.270
   0.678    9.249   17.633
   7.602   11.028   17.185
   7.356   10.636   15.445
   7.508    9.368   16.640
   0.216    8.964   18.694
  -0.030    8.572   16.954
   0.074    9.744   17.607
   2.257   17.433    7.902
   3.051   17.903    6.916
   3.454   17.093    5.828
   4.276   17.580    4.805
   4.725   18.894    4.834
   1.464   16.963    8.888
   1.061   17.773    9.977
   4.334   18.916    3.709
   5.790   18.398    4.633
   5.109   19.995    4.846
  -0.003   18.269   10.178
   1.452   17.751   11.102
   0.693   17.118   10.190
   5.395    8.684    7.090
   6.501    8.205    6.480
   7.658    8.998    6.297
   8.805    8.502    5.664
   8.834    7.195    5.193
   4.290    9.162    7.700
   3.132    8.369    7.883
   9.869    7.144    5.781
   9.235    7.703    4.192
   8.873    6.100    4.793
   2.732    7.862    8.884
   2.097    8.420    7.295
   2.867    9.023    8.219
  11.406   13.347    0.283
  12.591   12.737    0.492
  13.804   13.260   -0.015
  15.034   12.627    0.202
  15.095   11.448    0.934
  10.220   13.958    0.074
   9.007   13.435    0.582
  15.964   12.011    1.523
  15.741   11.061    0.011
  15.160   10.458    1.546
   8.361   13.822    1.505
   8.138   12.871   -0.007
   8.711   14.065    0.229
  15.133   12.891    8.394
  16.384   12.439    8.160
  17.316   13.176    7.392
  18.613   12.708    7.150
  19.024   11.486    7.667
  13.883   13.343    8.627
  12.950   12.606    9.395
  19.967   12.109    8.044
  19.390   11.284    6.552
  19.382   10.462    8.095
  12.584   12.807   10.511
  12.007   11.982    9.019
  12.493   13.218    9.233
  10.153   17.015   13.762
  10.706   16.468   14.865
  10.618   17.087   16.134
  11.191   16.519   17.278
  11.873   15.311   17.193
   9.600   17.563   12.659
   9.688   16.944   11.389
  11.189   15.008   18.120
  12.720   15.897   17.794
  12.449   14.299   17.136
   8.842   16.359   10.788
  10.373   17.247   10.462
   9.278   17.572   11.172
   6.236   11.735    8.222
   7.431   12.231    7.837
   8.645   11.805    8.427
   9.884   12.320    8.027
   9.953   13.279    7.025
   5.041   11.238    8.607
   3.827   11.664    8.018
  10.785   12.557    6.571
  10.642   13.858    7.806
  10.026   14.085    6.184
   3.138   11.085    7.237
   2.995   12.387    8.472
   3.525   11.151    8.524
   8.202    1.238   10.648
   8.912    1.182   11.795
   9.694    0.054   12.139
  10.430   -0.003   13.328
  10.410    1.065   14.216
   7.492    1.294    9.501
   6.709    2.422    9.157
  11.596    0.946   14.183
  10.179    0.221   15.024
  10.403    1.955   14.970
   6.940    3.266    8.349
   5.524    2.541    9.190
   6.555    1.989    8.525
  16.422    2.766   15.820
  16.591    4.105   15.813
  16.889    4.830   16.992
  17.064    6.219   16.985
  16.946    6.933   15.799
  16.254    1.427   15.826
  15.955    0.702   14.648
  17.986    7.409   16.135
  16.227    7.632   16.443
  16.851    7.545   14.811
  16.675    0.004   14.004
  14.915    0.227   14.312
  15.966    0.099   15.143
   8.954    4.419    8.620
   9.643    4.545    7.466
   9.781    3.472    6.554
  10.496    3.602    5.357
  11.097    4.811    5.030
   8.265    4.293    9.774
   8.127    5.367   10.686
  10.550    4.651    3.983
  12.054    4.130    4.824
  11.607    5.820    4.742
   7.171    6.047   10.892
   8.675    5.527   11.733
   7.719    4.834   11.087
   7.072    2.868   17.889
   7.092    4.180   18.208
   6.145    4.753   19.088
   6.166    6.113   19.419
   7.136    6.949   18.880
   7.051    1.556   17.571
   7.999    0.983   16.690
   7.286    7.289   20.012
   6.205    7.645   18.617
   7.944    7.662   18.435
   8.930    0.287   16.952
   7.849    0.643   15.558
   7.590    0.335   16.842
  14.007    4.910   10.597
  14.945    5.870   10.453
  16.328    5.589   10.553
  17.300    6.585   10.404
  16.924    7.898   10.150
  13.070    3.949   10.741
  11.686    4.230   10.642
  17.730    7.824    9.276
  17.669    8.148   11.045
  16.622    9.004    9.937
  10.941    3.981    9.746
  10.880    4.305   11.516
  11.629    3.464   10.780
  15.837   18.296    3.754
  14.504   18.124    3.628
  13.629   18.210    4.737
  12.247   18.032    4.606
  11.690   17.761    3.363
  17.171   18.468    3.880
  18.046   18.381    2.771
  10.942   18.642    3.650
  11.141   16.878    3.945
  11.210   17.533    2.325
  18.594   19.264    2.188
  18.794   17.500    2.484
  18.582   18.533    3.318
  12.124   14.119   14.947
  13.461   14.067   15.131
  14.360   13.896   14.051
  15.746   13.842   14.242
  16.282   13.958   15.518
  10.788   14.171   14.763
   9.888   14.342   15.843
  16.990   14.769   15.006
  16.893   12.983   15.209
  16.745   14.054   16.584
   9.278   15.318   16.152
   9.181   13.532   16.355
   9.360   14.306   15.269
  12.071   10.621   12.163
  12.750   10.847   13.307
  14.164   10.880   13.346
  14.869   11.115   14.533
  14.184   11.325   15.723
  11.392   10.394   11.018
   9.978   10.362   10.979
  14.902   12.272   15.818
  14.934   10.503   16.149
  13.622   11.504   16.729
   9.228   11.185   10.553
   9.260    9.416   10.885
  10.108   10.222   10.222
   7.335   18.146   14.621
   6.008   18.085   14.385
   5.324   16.852   14.258
   3.947   16.789   14.013
   3.204   17.956   13.887
   8.663   18.207   14.856
   9.346   19.440   14.983
   2.480   17.425   14.670
   2.794   17.433   12.898
   2.569   18.927   13.779
   9.757   19.963   15.973
  10.071   19.971   14.200
   9.959   18.968   15.090
  13.332   10.788    7.726
  12.630   11.165    6.637
  12.891   12.380    5.960
  12.162   12.772    4.831
  11.147   11.962    4.337
  14.035   10.410    8.815
  13.774    9.195    9.492
  11.699   12.127    3.294
  10.512   12.971    4.352
  10.292   11.292    3.913
  14.408    8.186    9.477
  13.221    9.030   10.535
  14.357    9.446    9.946
  16.951   13.357    3.451
  16.150   14.075    4.266
  15.968   15.469    4.101
  15.137   16.214    4.947
  14.459   15.592    5.987
  17.752   12.639    2.635
  17.935   11.245    2.800
  13.516   16.169    5.545
  14.910   16.481    6.640
  13.884   15.082    6.865
  17.484   10.355    2.148
  18.878   10.667    3.243
  18.400   11.340    2.180
  15.514   17.071    1.581
  16.667   16.525    2.023
  17.107   15.251    1.593
  18.303   14.685    2.051
  19.101   15.374    2.955
  14.360   17.616    1.140
  13.920   18.891    1.570
  19.973   15.110    2.187
  19.087   14.343    3.553
  19.781   15.941    3.714
  13.934   19.921    0.972
  13.048   19.154    2.338
  13.324   18.728    1.092
   5.887    2.229   15.218
   6.933    2.937   15.695
   8.165    3.015   15.004
   9.249    3.749   15.499
   9.140    4.432   16.704
   4.842    1.521   14.740
   3.610    1.444   15.432
   9.583    5.344   16.077
  10.168    3.887   16.957
   9.062    5.011   17.713
   2.581    1.989   15.178
   3.166    0.532   16.058
   3.417    0.997   14.821
   4.608   19.728   13.967
   4.563   19.518   12.634
   3.517   20.028   11.829
   3.470   19.810   10.447
   4.468   19.074    9.820
   4.654   19.938   15.299
   5.700   19.428   16.104
   4.494   19.996    9.066
   3.550   18.487    9.336
   5.298   18.458    9.282
   6.617   20.015   16.588
   5.674   18.506   16.858
   5.294   19.783   16.670
   3.056    2.334    8.992
   2.482    2.672    7.818
   2.294    4.021    7.436
   1.698    4.372    6.219
   1.271    3.385    5.339
   3.630    1.996   10.167
   3.819    0.646   10.548
   1.879    4.021    4.535
   0.261    4.018    5.324
   0.908    2.567    4.591
   4.829    0.014   10.563
   3.211    0.011   11.352
   4.128    0.980   11.183
   4.129    6.550   11.239
   4.785    5.398   11.493
   4.107    4.162   11.624
   4.787    2.967   11.887
   6.169    2.965   12.029
   3.474    7.703   10.986
   4.152    8.938   10.855
   6.117    2.061   11.253
   5.936    2.348   13.021
   7.329    2.948   12.150
   4.385    9.555    9.862
   4.204    9.841   11.630
   3.426    9.202   10.738
   3.286    4.091   13.664
   4.099    4.812   14.465
   5.373    4.341   14.859
   6.217    5.088   15.690
   5.815    6.334   16.156
   2.473    3.370   12.863
   1.198    3.841   12.468
   6.887    6.680   15.767
   6.152    5.902   17.214
   5.491    7.381   16.554
   0.861    4.273   11.410
   0.126    3.495   12.857
   1.179    3.157   12.091
   7.480    6.283    7.960
   8.409    6.608    8.884
   9.793    6.605    8.589
  10.757    6.942    9.547
  10.370    7.294   10.834
   6.551    5.958    7.036
   5.167    5.962    7.331
  11.093    8.224   10.657
  11.197    6.499   11.160
  10.060    7.591   11.919
   4.341    6.756    7.005
   4.444    5.031    7.508
   5.115    5.741    6.583
  12.886    0.367    7.550
  12.313    0.681    6.369
  12.797    0.171    5.141
  12.202    0.497    3.916
  11.102    1.344    3.876
  13.460    0.052    8.731
  12.976    0.562    9.959
  10.632    0.490    3.191
  11.730    1.908    3.035
  10.178    2.054    3.828
  12.348   -0.001   10.800
  13.445    1.417   10.644
  13.566    0.137   10.246
  10.167   15.050    9.592
   9.925   14.165   10.582
   8.769   14.245   11.394
   8.518   13.327   12.421
   9.415   12.296   12.673
  10.408   15.935    8.602
  11.565   15.855    7.790
   8.438   11.614   12.643
   9.325   12.668   13.801
  10.159   11.426   12.895
  11.654   15.483    6.661
  12.541   16.537    7.820
  11.246   16.487    7.459
   6.235    6.294    4.694
   5.573    7.443    4.445
   6.240    8.688    4.350
   5.554    9.880    4.091
   4.175    9.871    3.918
   6.897    5.144    4.943
   6.230    3.899    5.038
   4.424   10.507    2.942
   4.200   10.761    4.709
   3.018    9.877    3.771
   6.205    3.009    4.247
   5.981    3.263    6.014
   6.956    3.641    5.167
  15.181    3.072    4.984
  14.943    3.861    3.915
  14.887    5.271    4.021
  14.639    6.089    2.913
  14.439    5.527    1.658
  15.420    2.283    6.053
  15.476    0.873    5.947
  15.249    6.330    1.312
  13.481    6.235    1.637
  14.269    5.068    0.600
  16.434    0.165    5.969
  14.666    0.070    6.293
  15.614    0.927    6.714
  12.921    3.703   16.082
  13.011    5.039   15.915
  13.890    5.619   14.968
  13.984    7.005   14.794
  13.203    7.861   15.561
  12.830    2.366   16.250
  11.952    1.787   17.196
  12.939    8.353   14.508
  14.237    8.421   15.753
  12.553    8.591   16.197
  10.918    1.227   17.004
  12.215    1.295   18.249
  12.256    1.125   16.915
  13.252    2.309    8.525
  14.539    2.401    8.128
  15.448    3.303    8.732
  16.782    3.398    8.321
  17.257    2.595    7.291
  11.965    2.217    8.922
  11.057    1.316    8.318
  18.139    2.359    8.057
  17.680    3.622    6.860
  17.668    1.927    6.428
  10.634    0.289    8.750
  10.175    1.552    7.553
  10.565    1.629    8.838
  12.285    7.254    3.173
  11.506    6.311    2.602
  10.093    6.359    2.677
   9.285    5.382    2.084
   9.860    4.321    1.396
  13.064    8.196    3.745
  14.477    8.148    3.670
   9.082    4.621    0.545
   9.130    3.660    2.066
  10.330    3.426    0.815
  15.207    8.810    3.000
  15.255    7.848    4.521
  14.415    8.805    4.087
   8.613    7.826   15.009
   9.167    7.984   16.230
  10.275    8.837   16.447
  10.850    9.000   17.713
  10.337    8.316   18.808
   8.058    7.669   13.789
   6.950    6.816   13.572
  10.357    9.389   19.324
  11.477    8.020   18.992
   9.917    7.747   19.735
   5.811    7.111   13.388
   6.931    5.742   13.056
   7.037    7.065   12.837
   1.098    7.012   14.111
   1.711    7.258   15.288
   1.187    6.793   16.518
   1.823    7.047   17.739
   3.005    7.775   17.774
   0.484    6.767   12.934
   1.008    7.232   11.704
   3.389    6.872   18.450
   2.446    8.395   18.624
   3.998    8.385   17.818
   1.567    6.612   10.854
   0.624    8.135   11.028
   0.375    6.873   11.420
  15.628   16.871   13.994
  15.135   16.672   12.753
  15.871   17.007   11.591
  15.360   16.801   10.304
  14.095   16.254   10.133
  16.121   17.069   15.235
  15.386   16.734   16.397
  14.655   15.525    9.374
  13.937   17.176    9.395
  13.034   15.795    9.975
  15.543   15.812   17.134
  14.825   17.462   17.155
  16.025   17.008   16.751
   2.436    3.406   17.480
   3.351    2.567   18.009
   3.722    2.627   19.374
   4.671    1.756   19.923
   5.283    0.795   19.128
   1.520    4.245   16.950
   1.149    4.186   15.586
   4.979    0.057   20.012
   6.286    1.226   19.606
   5.804   -0.016   18.472
   0.146    3.755   15.108
   1.453    4.924   14.701
   0.685    4.778   15.796
   2.959   11.685   14.886
   4.006   11.162   14.212
   4.615    9.945   14.601
   5.700    9.402   13.902
   6.214   10.057   12.790
   1.913   12.208   15.560
   1.304   13.425   15.172
   6.122    8.984   12.278
   7.259    9.892   13.338
   6.656   10.596   11.855
   0.259   13.590   14.623
   1.396   14.497   15.683
   0.851   13.272   15.789
  15.976    6.667    6.579
  16.934    5.893    6.027
  18.219    5.763    6.606
  19.213    4.961    6.033
  18.958    4.261    4.860
  15.017    7.440    7.132
  13.732    7.571    6.553
  19.409    3.339    5.466
  19.987    4.745    4.501
  18.758    3.668    3.876
  12.704    7.087    6.911
  13.282    8.493    5.947
  13.619    8.039    7.168
   3.306   15.340    4.012
   4.616   15.624    3.857
   5.198   15.811    2.581
   6.557   16.106    2.421
   7.383   16.224    3.531
   1.995   15.056    4.166
   1.414   14.868    5.443
   7.719   17.242    3.011
   8.090   15.483    2.922
   8.088   16.326    4.455
   0.707   15.610    6.052
   1.078   13.850    5.963
   0.770   14.754    5.016
  17.792    5.424    2.868
  17.871    6.507    3.671
  18.885    6.643    4.649
  18.966    7.765    5.482
  18.037    8.791    5.367
  17.713    4.342    2.065
  16.699    4.206    1.088
  19.003    9.488    5.342
  17.949    8.669    6.549
  17.264    9.660    5.281
  16.787    4.328   -0.095
  15.733    3.509    1.113
  17.068    3.531    0.952
   8.888   10.694    5.500
   8.189   10.759    4.346
   8.216   11.905    3.516
   7.492   11.972    2.320
   6.714   10.896    1.912
   9.586   10.628    6.653
   9.559    9.483    7.483
   7.280   11.048    0.874
   5.872   11.727    1.766
   6.057   10.000    1.557
  10.400    8.652    7.628
   8.992    9.331    8.520
  10.043    9.916    7.916
  16.821   18.336    9.507
  15.609   18.533    8.946
  14.628   19.354    9.549
  13.371   19.558    8.967
  13.051   18.949    7.761
  18.033   18.139   10.069
  19.015   17.318    9.466
  12.706   20.045    7.447
  12.062   18.620    8.338
  12.770   18.443    6.748
  20.004   17.646    8.888
  19.360   16.221    9.779
  19.425   17.527   10.097
   2.200    9.673    1.739
   2.716    8.469    2.067
   1.911    7.309    2.160
   2.446    6.061    2.499
   3.805    5.928    2.758
   1.685   10.877    1.411
   2.489   12.037    1.318
   3.728    5.015    1.996
   3.430    5.361    3.737
   4.943    5.803    2.978
   2.864   12.604    0.339
   2.565   12.950    2.080
   1.805   12.368    1.136
  15.186    8.615    0.345
  16.467    8.456    0.740
  17.521    9.228    0.198
  18.849    9.063    0.608
  19.171    8.119    1.575
  13.905    8.775   -0.051
  12.851    8.003    0.492
  19.761    9.024    2.077
  20.004    7.789    0.790
  19.454    7.330    2.386
  12.017    8.332    1.277
  12.260    7.097   -0.010
  12.424    8.432   -0.002
  15.904   14.831    7.700
   4.066    7.419    0.683
   5.088    8.240    2.452
   4.410   14.978    6.120
   8.671   19.659   11.767
   5.949   12.817    5.422
   5.804   11.369    6.088
   6.093   14.264    4.756
   4.356   12.929    5.321
   7.542   12.704    5.524
   5.994   12.145    3.971
   5.904   13.489    6.873
  14.317    6.145   18.384
  13.746    6.394   19.857
  14.889    5.896   16.910
  14.889    7.639   18.353
  13.746    4.651   18.414
  12.937    6.661   17.761
  15.698    5.630   19.006
   6.098   13.999   14.511
   5.574   12.653   13.823
   6.621   15.345   15.199
   4.740   14.738   14.099
   7.456   13.260   14.923
   6.762   14.448   13.126
   5.433   13.550   15.895
  16.723    1.024    2.351
  15.585   -0.096    2.238
  17.860    2.143    2.463
  15.622    2.097    2.794
  17.823   -0.050    1.908
  16.488    1.416    0.817
  16.957    0.632    3.884
  18.682    4.620   14.094
  19.588    5.938   14.045
  17.777    3.302   14.144
  20.001    3.714   14.087
  17.364    5.526   14.102
  18.648    4.583   12.495
  18.717    4.656   15.694
