   8.799    9.757   10.482
   9.231    9.591   11.589
   9.571    9.467    9.400
   7.538   10.236   10.309
  10.881    8.969    9.681
   6.803   10.512   11.504
  11.025    8.912   10.760
  10.994    7.975    9.246
  11.625    9.640    9.250
   5.813   10.888   11.243
   6.701    9.597   12.088
   7.332   11.262   12.092
  11.661   14.694    8.822
  10.799   14.094    9.402
  11.801   14.553    7.476
  12.499   15.515    9.510
  10.874   13.670    6.840
  12.276   15.599   10.920
  10.197   13.254    7.585
  10.300   14.220    6.094
  11.419   12.861    6.353
  13.002   16.281   11.364
  11.268   15.970   11.108
  12.388   14.611   11.366
  12.266    2.788   15.988
  13.193    3.540   16.114
  11.065    3.256   15.553
  12.417    1.468   16.280
  11.003    4.656   15.271
  13.714    1.070   16.729
  11.975    5.110   15.467
  10.736    4.805   14.225
  10.250    5.122   15.908
  13.716   -0.002   16.932
  14.452    1.294   15.959
  13.966    1.611   17.642
   4.467   18.694   13.443
   4.375   19.850   13.135
   3.440   17.839   13.189
   5.598   18.239   14.046
   2.294   18.409   12.553
   6.623   19.210   14.271
   2.463   19.472   12.382
   2.121   17.910   11.599
   1.421   18.279   13.193
   7.476   18.734   14.756
   6.939   19.635   13.318
   6.238   20.003   14.913
   4.167    5.396    7.617
   4.697    6.239    8.287
   3.578    4.325    8.213
   4.157    5.512    6.262
   3.640    4.290    9.641
   4.801    6.671    5.728
   4.172    5.169   10.004
   2.628    4.284   10.049
   4.165    3.389    9.960
   4.730    6.657    4.639
   4.314    7.568    6.111
   5.851    6.673    6.022
   4.159    8.443   10.445
   3.824    7.291   10.474
   3.218    9.424   10.400
   5.480    8.767   10.456
   1.857    8.986   10.391
   6.394    7.669   10.504
   1.824    7.897   10.424
   1.339    9.391   11.261
   1.368    9.338    9.482
   7.417    8.047   10.509
   6.218    7.088   11.409
   6.247    7.034    9.630
   1.519   12.453   16.175
   2.291   13.036   15.465
   0.740   11.462   15.665
   1.423   12.785   17.491
   0.911   11.185   14.273
   2.281   13.839   17.936
   1.669   11.850   13.860
   1.228   10.149   14.145
  -0.034   11.342   13.753
   2.118   14.016   19.000
   3.321   13.556   17.771
   2.060   14.749   17.379
  15.931   17.969   15.399
  15.545   19.046   15.762
  15.227   16.850   15.719
  17.074   17.868   14.668
  14.040   17.057   16.489
  17.746   19.097   14.382
  13.914   18.121   16.686
  13.178   16.685   15.934
  14.122   16.519   17.434
  18.642   18.893   13.795
  17.083   19.751   13.815
  18.027   19.585   15.315
  13.893   12.846   12.738
  12.919   12.426   13.298
  14.339   14.104   13.001
  14.551   12.064   11.840
  13.583   14.849   13.958
  14.008   10.759   11.630
  12.751   14.244   14.316
  14.224   15.118   14.798
  13.198   15.756   13.491
  14.614   10.227   10.895
  14.012   10.207   12.569
  12.986   10.844   11.262
  14.778   10.246   18.870
  15.969   10.378   18.934
  13.979   11.339   18.736
  14.227    9.004   18.932
  14.648   12.601   18.680
  15.145    7.918   19.073
  15.724   12.446   18.759
  14.420   13.092   17.734
  14.310   13.229   19.505
  14.593    6.977   19.112
  15.826    7.903   18.222
  15.716    8.040   19.993
  13.200    5.227   17.663
  12.197    5.884   17.731
  13.256    4.008   18.264
  14.279    5.702   16.985
  12.074    3.594   18.952
  14.125    6.992   16.388
  11.311    4.367   18.864
  11.704    2.667   18.513
  12.305    3.429   20.005
  15.048    7.267   15.875
  13.306    6.965   15.669
  13.907    7.728   17.161
  17.661    3.722    1.077
  16.914    4.141    0.237
  18.778    4.425    1.406
  17.392    2.543    1.699
  18.977    5.651    0.698
  16.196    1.876    1.287
  18.160    5.802   -0.006
  19.004    6.480    1.407
  19.922    5.608    0.155
  16.084    0.948    1.850
  15.337    2.519    1.474
  16.255    1.648    0.223
  15.111    9.914    2.531
  16.307    9.836    2.472
  14.457   10.869    1.816
  14.410    9.049    3.311
  15.278   11.733    1.026
  15.184    8.081    4.024
  16.324   11.453    1.148
  14.997   11.640   -0.024
  15.137   12.764    1.349
  14.520    7.446    4.612
  15.740    7.466    3.316
  15.881    8.590    4.690
   8.894    5.512    2.225
   8.887    4.705    1.337
   8.711    6.831    1.948
   9.086    5.107    3.510
   8.517    7.160    0.570
   9.269    3.702    3.702
   8.554    6.252   -0.030
   7.546    7.640    0.444
   9.304    7.842    0.246
   9.413    3.496    4.764
   8.389    3.167    3.346
  10.147    3.370    3.148
  17.143   14.369    9.346
  16.491   13.366    9.244
  16.578   15.500    9.847
  18.447   14.374    8.959
  15.203   15.398   10.227
  18.953   13.139    8.444
  14.847   14.386   10.035
  15.102   15.624   11.288
  14.613   16.108    9.647
  20.001   13.262    8.169
  18.867   12.365    9.207
  18.379   12.849    7.565
   7.559   16.476   12.326
   7.428   17.537   12.870
   6.680   16.094   11.361
   8.585   15.655   12.675
   5.635   17.023   11.062
   9.457   16.141   13.699
   5.741   17.905   11.693
   5.697   17.315   10.014
   4.668   16.555   11.251
  10.236   15.404   13.894
   9.915   17.075   13.374
   8.886   16.315   14.611
  15.432    9.932   14.227
  14.854    9.313   15.078
  15.524   11.286   14.315
  15.994    9.279   13.175
  14.902   11.883   15.456
  15.846    7.857   13.169
  14.449   11.107   16.072
  15.651   12.419   16.039
  14.132   12.581   15.126
  16.334    7.444   12.284
  16.306    7.439   14.064
  14.787    7.601   13.151
   9.122    6.811   15.069
   8.302    5.980   15.345
   9.482    7.007   13.772
   9.690    7.559   16.053
   8.831    6.175   12.809
   9.248    7.282   17.385
   8.135    5.507   13.316
   8.286    6.798   12.099
   9.577    5.585   12.275
   9.769    7.937   18.084
   8.175    7.456   17.456
   9.465    6.243   17.632
  10.812   18.007    7.524
  10.046   18.359    6.669
  10.568   18.318    8.825
  11.923   17.297    7.191
   9.376   19.067    9.078
  12.094   17.018    5.799
   8.860   19.258    8.137
   8.724   18.498    9.741
   9.636   20.015    9.549
  13.012   16.447    5.653
  11.246   16.438    5.437
  12.158   17.954    5.245
   6.327    7.717   14.050
   5.408    8.418   14.373
   6.089    6.486   13.522
   7.605    8.153   14.211
   4.714    6.115   13.391
   7.755    9.459   14.774
   4.083    6.925   13.755
   4.489    5.922   12.342
   4.524    5.215   13.975
   8.816    9.700   14.855
   7.266   10.191   14.131
   7.301    9.483   15.764
   3.228   12.551    5.950
   2.958   13.661    6.317
   4.517   12.224    5.665
   2.244   11.621    5.818
   5.480   13.267    5.833
   0.922   12.058    6.140
   4.980   14.173    6.174
   6.221   12.961    6.572
   5.975   13.461    4.881
   0.222   11.233    5.999
   0.889   12.386    7.179
   0.643   12.886    5.488
   6.913    1.533    2.984
   7.899    0.852    3.029
   6.051    1.553    4.036
   6.656    2.286    1.880
   6.405    0.731    5.151
   7.618    2.200    0.826
   7.343    0.216    4.941
   6.523    1.352    6.039
   5.618   -0.004    5.324
   7.309    2.841   -0.001
   8.591    2.526    1.193
   7.686    1.169    0.478
   9.538   13.252   17.797
   8.735   12.990   16.945
  10.412   14.279   17.615
   9.575   12.524   18.945
  10.297   14.987   16.378
   8.619   11.465   19.046
   9.494   14.552   15.783
  10.074   16.035   16.578
  11.236   14.914   15.829
   8.742   10.954   20.002
   7.612   11.877   18.982
   8.774   10.756   18.233
  10.331   16.700    1.628
  10.462   16.429    0.467
   9.436   17.652    2.007
  11.077   16.056    2.565
   8.698   18.274    0.952
  11.990   15.073    2.072
   9.004   17.851   -0.004
   7.632   18.100    1.103
   8.895   19.346    0.955
  12.529   14.625    2.908
  11.438   14.297    1.540
  12.700   15.543    1.392
   4.621   15.632    8.220
   4.072   16.085    9.187
   5.335   14.479    8.321
   4.528   16.272    7.024
   5.375   13.878    9.618
   3.757   17.476    7.015
   4.799   14.484   10.318
   4.948   12.876    9.568
   6.409   13.816    9.958
   3.753   17.899    6.010
   2.734   17.255    7.319
   4.195   18.194    7.709
  18.553   11.909   17.946
  19.737   12.047   17.803
  18.046   10.692   18.279
  17.720   12.970   17.775
  18.999    9.638   18.438
  18.344   14.208   17.426
  20.001   10.023   18.253
  18.941    9.246   19.453
  18.780    8.841   17.727
  17.583   14.982   17.316
  19.044   14.497   18.211
  18.882   14.092   16.485
  14.556    9.550    8.498
  14.147    9.263    7.407
  14.850   10.844    8.795
  14.726    8.581    9.438
  14.641   11.791    7.745
  14.390    7.251    9.034
  14.267   11.277    6.860
  13.912   12.536    8.067
  15.583   12.285    7.507
  14.565    6.564    9.863
  13.340    7.212    8.746
  15.010    6.961    8.186
   8.653   12.683    2.949
   8.624   11.761    2.182
   7.596   13.536    3.026
   9.742   12.875    3.741
   6.498   13.254    2.155
  10.801   11.927    3.589
   6.722   12.367    1.563
   5.600   13.079    2.748
   6.335   14.102    1.490
  11.616   12.180    4.270
  10.433   10.928    3.820
  11.167   11.951    2.563
  12.418    7.268   12.310
  11.287    7.082   11.953
  12.713    8.331   13.106
  13.404    6.418   11.918
  11.612    9.169   13.466
  12.998    5.331   11.082
  10.698    8.783   13.015
  11.504    9.181   14.551
  11.794   10.182   13.109
  13.866    4.720   10.832
  12.265    4.720   11.609
  12.555    5.722   10.166
  13.062    4.406    5.417
  12.807    4.849    4.331
  13.044    5.221    6.505
  13.368    3.088    5.558
  12.711    6.589    6.258
  13.362    2.311    4.358
  12.525    6.732    5.194
  11.816    6.853    6.822
  13.538    7.227    6.571
  13.620    1.278    4.592
  12.369    2.343    3.908
  14.091    2.717    3.657
   4.773    8.790   17.729
   3.757    8.241   18.054
   5.042   10.044   18.181
   5.656    8.158   16.910
   4.056   10.627   19.037
   5.287    6.843   16.487
   3.234    9.926   19.175
   4.504   10.857   20.004
   3.679   11.545   18.585
   6.065    6.438   15.838
   5.171    6.199   17.358
   4.345    6.887   15.939
  11.508    9.372   17.848
  10.899   10.007   18.665
  11.959    8.126   18.154
  11.745    9.898   16.617
  11.661    7.658   19.472
  11.232   11.213   16.388
  11.102    8.421   20.012
  11.065    6.747   19.408
  12.591    7.446   20.001
  11.481   11.529   15.374
  10.149   11.207   16.510
  11.675   11.906   17.103
  14.420   18.527    8.744
  14.606   19.667    8.417
  14.911   17.513    7.982
  13.720   18.249    9.876
  15.634   17.903    6.811
  13.244   19.379   10.611
  15.659   18.990    6.744
  16.653   17.519    6.869
  15.142   17.495    5.928
  12.700   19.037   11.493
  14.089   19.993   10.923
  12.578   19.969    9.982
   2.562    8.715   16.200
   1.710    9.560   16.207
   2.274    7.456   16.628
   3.815    9.015   15.765
   0.931    7.236   17.067
   4.022   10.363   15.335
   0.361    8.159   16.973
   0.471    6.460   16.454
   0.937    6.917   18.110
   5.056   10.486   15.010
   3.352   10.588   14.505
   3.818   11.044   16.161
  12.996   19.134    2.666
  12.677   17.983    2.554
  12.152   20.020    3.258
  14.204   19.553    2.200
  10.906   19.488    3.716
  15.023   18.550    1.593
  10.863   18.422    3.495
  10.819   19.640    4.792
  10.085   19.997    3.210
  15.960   18.998    1.260
  15.235   17.765    2.319
  14.501   18.122    0.737
   8.753    3.457   10.025
   9.733    3.985   10.473
   8.471    2.165   10.344
   7.925    4.149    9.198
   9.399    1.519   11.220
   8.303    5.500    8.920
  10.197    2.214   11.481
   8.883    1.201   12.126
   9.824    0.649   10.720
   7.570    5.953    8.251
   8.342    6.066    9.851
   9.284    5.513    8.445
   5.035   10.413    7.820
   4.473    9.479    8.324
   6.257   10.243    7.249
   4.448   11.640    7.820
   6.793    8.918    7.298
   3.164   11.720    8.444
   6.090    8.260    7.807
   6.960    8.556    6.283
   7.739    8.928    7.840
   2.794   12.745    8.384
   2.469   11.054    7.933
   3.248   11.426    9.490
   5.729    6.962   19.345
   6.750    6.552   18.866
   4.682    6.115   19.540
   5.618    8.272   19.693
   4.892    4.758   19.144
   6.769    9.084   19.451
   5.899    4.648   18.741
   4.774    4.104   20.009
   4.163    4.485   18.381
   6.565   10.108   19.767
   7.616    8.693   20.015
   7.005    9.073   18.387
   3.971    1.795   11.756
   3.191    1.347   10.962
   5.307    1.619   11.569
   3.520    2.478   12.842
   5.685    0.888   10.400
   2.101    2.612   12.953
   4.792    0.594    9.850
   6.312    1.516    9.766
   6.242   -0.003   10.692
   1.858    3.174   13.856
   1.716    3.142   12.082
   1.645    1.623   13.008
   5.911   15.124   14.542
   4.951   14.627   14.021
   5.749   16.081   15.494
   7.161   14.729   14.179
   4.398   16.429   15.809
   7.232   13.719   13.171
   3.718   15.836   15.198
   4.207   16.230   16.863
   4.239   17.489   15.605
   8.277   13.484   12.963
   6.721   12.821   13.518
   6.753   14.079   12.260
   1.377   16.964   15.928
   2.114   17.335   15.056
   1.304   17.656   17.097
   0.615   15.852   15.747
   2.142   18.811   17.195
   0.760   15.192   14.488
   2.709   18.928   16.272
   1.524   19.695   17.356
   2.830   18.691   18.032
   0.105   14.320   14.457
   0.489   15.877   13.684
   1.794   14.873   14.360
  11.392    4.444    0.891
  12.588    4.345    0.890
  10.811    5.674    0.893
  10.617    3.326    0.888
  11.706    6.789    0.895
  11.317    2.079    0.886
  12.735    6.430    0.895
  11.532    7.396    0.006
  11.532    7.393    1.786
  10.598    1.258    0.884
  11.943    2.014   -0.004
  11.943    2.011    1.776
   8.138    2.563    7.378
   8.490    3.531    6.761
   6.877    2.500    7.883
   9.001    1.530    7.571
   6.043    3.633    7.629
  10.304    1.687    7.003
   6.598    4.371    7.050
   5.163    3.318    7.067
   5.730    4.074    8.575
  10.904    0.802    7.221
  10.218    1.810    5.924
  10.785    2.565    7.432
  18.441    7.887    7.307
  19.546    7.564    6.968
  18.086    9.200    7.309
  17.543    6.939    7.688
  19.096   10.122    6.892
  18.006    5.587    7.653
  20.005    9.577    6.638
  18.747   10.673    6.018
  19.306   10.821    7.702
  17.206    4.920    7.978
  18.303    5.329    6.637
  18.862    5.478    8.320
   9.998   11.623    9.157
   8.804   11.697    9.261
  10.552   11.125    8.020
  10.795   12.037   10.178
   9.634   10.716    7.003
  10.122   12.545   11.333
   8.613   10.887    7.343
   9.816   11.293    6.096
   9.775    9.656    6.792
  10.858   12.844   12.081
   9.519   13.408   11.053
   9.478   11.770   11.749
   5.612   19.470    5.097
   6.367   19.834    5.956
   4.293   19.959    4.880
   5.879   18.473    4.115
   3.744   19.265    3.764
   4.724   18.347    3.292
   2.905   18.676    4.135
   3.587   20.000    2.975
   4.326   17.345    3.450
   5.008   18.669    2.290
  12.235    0.729    8.971
  11.325   -0.002    9.250
  13.414    0.365    8.259
  12.326    2.113    9.294
  14.233    1.524    8.142
  13.561    2.604    8.782
  15.143    1.332    8.710
  14.293    1.768    7.082
  14.169    2.897    9.638
  13.320    3.334    8.009
   1.159    1.813   18.081
   1.258    0.637   18.297
   1.089    2.425   16.797
   1.091    2.841   19.064
   0.977    3.832   16.987
   0.979    4.089   18.387
   1.882    4.283   16.578
   0.000    4.130   16.608
   1.884    4.656   18.608
   0.002    4.503   18.638
  17.373   10.290    4.342
  16.455   10.691    5.002
  18.002   10.988    3.272
  18.026    9.034    4.491
  19.043   10.163    2.760
  19.058    8.955    3.514
  18.770    9.899    1.738
  19.985   10.675    2.958
  18.792    8.148    2.831
  20.006    8.924    4.050
   4.835   10.633    3.199
   3.892   11.373    3.154
   6.204   11.024    3.248
   4.783    9.211    3.214
   6.997    9.843    3.293
   6.119    8.722    3.272
   7.578    9.812    2.371
   7.505    9.834    4.257
   6.306    8.187    2.341
   6.232    8.210    4.228
   2.414   16.649    1.098
   1.444   17.355    1.133
   3.769   17.085    1.162
   2.413   15.230    0.985
   4.604   15.934    1.088
   3.767   14.788    0.979
   5.169   16.008    0.159
   5.129   15.858    2.041
   3.955   14.346    0.000
   3.915   14.196    1.882
   7.146   15.788    5.661
   6.597   15.567    6.705
   6.527   16.277    4.476
   8.533   15.607    5.391
   7.530   16.399    3.473
   8.770   15.985    4.039
   7.284   15.687    2.686
   7.623   17.459    3.240
   9.081   15.087    3.505
   9.420   16.859    4.060
   0.797    4.699    7.133
   0.522    3.543    6.968
  -0.098    5.719    7.564
   2.076    5.292    6.931
   0.628    6.942    7.629
   1.971    6.679    7.237
   0.200    7.608    6.879
   0.653    7.245    8.676
   2.148    7.226    6.311
   2.600    6.863    8.108
   9.993   15.043   19.638
   8.868   14.835   20.000
  11.081   14.128   19.721
  10.474   16.247   19.049
  12.235   14.768   19.184
  11.859   16.077   18.769
  12.947   14.883   20.001
  12.518   14.217   18.288
  12.402   16.781   19.400
  11.974   16.115   17.686
   1.123   18.137    9.653
   1.104   19.336    9.674
  -0.004   17.279    9.805
   2.275   17.320    9.470
   0.452   15.934    9.717
   1.861   15.959    9.510
   0.280   15.472   10.689
   0.005   15.502    8.822
   2.321   15.509   10.390
   2.046   15.538    8.522
   7.463    1.633   17.487
   6.858    0.708   17.018
   8.870    1.696   17.690
   6.898    2.860   17.937
   9.176    2.962   18.266
   7.956    3.681   18.419
   9.563    2.774   19.267
   9.780    3.507   17.541
   7.796    3.816   19.488
   8.013    4.549   17.762
  17.042    5.774    2.786
  18.130    5.756    3.293
  15.861    5.184    3.319
  16.706    6.388    1.546
  14.795    5.434    2.409
  15.317    6.178    1.313
  14.475    4.468    2.016
  14.080    6.077    2.921
  15.233    5.548    0.428
  14.837    7.157    1.333
  16.274   13.111    4.790
  17.290   12.706    5.284
  16.091   14.380    4.172
  15.040   12.405    4.718
  14.744   14.459    3.719
  14.094   13.238    4.056
  14.259   15.249    4.292
  14.775   14.515    2.631
  13.317   13.479    4.781
  13.832   12.745    3.120
   2.620    1.685    7.567
   3.507    1.891    6.785
   2.043    0.418    7.864
   1.958    2.666    8.359
   1.026    0.615    8.840
   0.973    2.005    9.146
   0.077    0.354    8.371
   1.346    0.100    9.745
   0.000    2.369    8.814
   1.269    2.114   10.189
  18.378    0.608   16.058
  18.928    0.003   16.937
  17.490    0.057   15.091
  18.499    2.003   15.800
  17.062    1.111   14.236
  17.686    2.314   14.674
  17.450    0.893   13.240
  15.990    1.232   14.388
  18.354    2.637   13.875
  16.894    2.976   15.023
  18.342    8.393   15.607
  18.118    7.384   16.217
  17.385    9.168   14.892
  19.610    9.026   15.472
  18.062   10.279   14.315
  19.437   10.191   14.673
  18.005   10.162   13.233
  17.664   11.177   14.788
  19.999   10.035   13.752
  19.658   11.050   15.308
  18.901   17.415   12.185
  19.348   18.435   11.737
  19.648   16.375   12.807
  17.529   17.032   12.186
  18.739   15.350   13.193
  17.429   15.756   12.809
  18.985   14.466   12.606
  18.753   15.303   14.282
  17.086   15.054   12.049
  16.854   15.891   13.725
   7.360    5.872    4.639
   6.405    5.301    4.189
   8.039    6.969    4.037
   8.013    5.570    5.868
   9.112    7.346    4.894
   9.096    6.481    6.025
  10.038    7.149    4.354
   8.895    8.351    5.257
  10.015    5.896    5.993
   8.872    7.097    6.896
   7.177   16.963    8.310
   6.333   17.735    7.949
   6.955   15.770    9.057
   8.575   17.077    8.068
   8.217   15.148    9.276
   9.218   15.955    8.665
   8.402   15.167   10.350
   8.203   14.198    8.742
   9.853   16.338    9.465
   9.654   15.368    7.857
   6.875   15.032   17.140
   6.641   12.358   15.698
   6.189   19.416    9.586
   8.905   13.887    1.126
  16.087    8.372    6.870
   1.264    6.185   13.220
   0.013    7.145   13.422
   2.515    5.224   13.018
   1.822    6.612   14.646
   0.706    5.758   11.794
   2.071    7.378   12.547
   0.457    4.992   13.894
  14.100    2.881   13.172
  14.058    1.301   13.343
  14.142    4.461   13.001
  13.470    2.741   11.718
  14.730    3.022   14.625
  15.559    2.774   12.550
  12.641    2.988   13.794
   7.167    2.855   14.375
   8.591    3.490   14.064
   5.742    2.221   14.686
   7.871    1.527   14.893
   6.462    4.184   13.857
   7.114    2.254   12.904
   7.220    3.457   15.846
   2.086   15.352    4.403
   2.877   15.729    3.076
   1.294   14.974    5.729
   2.447   13.819    4.182
   1.724   16.884    4.623
   0.755   15.160    3.554
   3.416   15.544    5.251
   3.251   13.144   12.105
   2.822   11.616   12.002
   3.679   14.671   12.208
   1.752   13.541   12.455
   4.750   12.747   11.755
   2.940   13.335   10.558
   3.561   12.952   13.653
