   1.413    2.145   14.797
   0.913    1.196   15.334
   1.428    3.352   15.425
   1.966    2.015   13.561
   0.824    3.392   16.720
   1.902    0.709   12.982
   0.447    2.402   16.976
   1.566    3.700   17.458
   0.000    4.105   16.715
   2.373    0.725   11.997
   2.426    0.000   13.622
   0.860    0.406   12.880
  10.900   10.701    0.872
  11.856   11.427    0.872
  11.071    9.352    0.871
   9.647   11.228    0.873
  12.424    8.891    0.870
   9.567   12.656    0.875
  13.100    9.747    0.870
  12.603    8.287    1.759
  12.602    8.288   -0.021
   8.520   12.962    0.875
  10.060   13.047    1.765
  10.059   13.049   -0.015
  14.553   14.286   12.553
  14.467   15.482   12.589
  13.555   13.549   11.995
  15.648   13.667   13.070
  12.445   14.287   11.478
  16.643   14.523   13.635
  12.612   15.353   11.634
  12.342   14.088   10.411
  11.534   13.983   11.994
  17.469   13.920   14.016
  17.016   15.204   12.869
  16.208   15.099   14.452
  19.219    4.251    4.789
  19.120    5.060    5.670
  19.263    2.924    5.086
  19.289    4.661    3.494
  19.184    2.590    6.474
  19.235    6.074    3.280
  19.099    3.503    7.064
  18.309    1.963    6.647
  20.083    2.049    6.769
  19.299    6.283    2.211
  18.296    6.466    3.671
  20.070    6.552    3.793
  17.759    4.764    9.903
  16.838    4.258   10.482
  19.035    4.508   10.299
  17.527    5.594    8.850
  19.179    3.625   11.414
  16.155    5.803    8.508
  18.195    3.306   11.755
  19.760    2.752   11.113
  19.695    4.142   12.223
  16.092    6.481    7.655
  15.695    4.850    8.247
  15.630    6.240    9.357
   7.687   18.659    0.890
   7.589   19.855    0.890
   8.916   18.077    0.892
   6.568   17.886    0.889
  10.032   18.971    0.893
   5.322   18.587    0.887
   9.674   20.000    0.892
  10.636   18.797    1.784
  10.638   18.796    0.004
   4.500   17.869    0.886
   5.254   19.213    1.777
   5.257   19.212   -0.003
  19.256   16.200    6.463
  18.938   15.062    6.252
  19.385   16.643    7.742
  19.487   17.045    5.423
  19.122   15.683    8.768
  19.326   16.489    4.116
  18.854   14.729    8.313
  20.013   15.555    9.383
  18.299   16.033    9.391
  19.535   17.254    3.366
  20.017   15.656    3.986
  18.302   16.134    3.994
  15.480   10.913    0.889
  16.594   11.359    0.890
  15.286    9.566    0.890
  14.411   11.753    0.889
  16.469    8.763    0.891
  14.713   13.151    0.888
  17.347    9.409    0.891
  16.481    8.134    1.781
  16.481    8.133    0.001
  13.784   13.724    0.888
  15.291   13.399    1.778
  15.292   13.398   -0.002
   7.166    2.044    4.553
   6.072    2.469    4.803
   7.834    1.302    5.477
   7.738    2.305    3.347
   7.153    1.081    6.714
   6.960    3.093    2.442
   6.180    1.571    6.687
   7.017    0.011    6.868
   7.745    1.493    7.533
   7.515    3.236    1.514
   6.022    2.580    2.227
   6.749    4.063    2.892
  19.110   16.448   16.401
  17.917   16.335   16.345
  19.901   15.342   16.356
  19.672   17.682   16.508
  19.221   14.090   16.243
  18.761   18.784   16.547
  18.145   14.261   16.211
  19.536   13.587   15.328
  19.464   13.465   17.102
  19.321   19.716   16.634
  18.169   18.800   15.632
  18.098   18.678   17.406
   8.014   17.521   11.699
   8.283   17.641   12.862
   8.594   16.533   10.965
   7.131   18.374   11.114
   9.508   15.687   11.666
   6.574   19.380   11.965
   9.575   16.005   12.706
   9.156   14.656   11.623
  10.493   15.753   11.202
   5.884   20.000   11.391
   6.037   18.906   12.786
   7.374   20.002   12.365
  18.076   15.958    0.890
  19.228   16.293    0.890
  17.094   16.899    0.890
  17.752   14.637    0.890
  17.531   18.260    0.890
  18.852   13.723    0.890
  18.620   18.293    0.890
  17.152   18.764   -0.000
  17.152   18.764    1.780
  18.474   12.699    0.890
  19.460   13.884   -0.000
  19.460   13.884    1.780
  12.541   19.445   10.634
  12.359   18.502    9.914
  13.794   19.952   10.787
  11.494   20.007   11.296
  14.829   19.295   10.052
  10.216   19.407   11.072
  14.403   18.473    9.478
  15.300   20.007    9.373
  15.576   18.906   10.744
   9.458   19.937   11.650
   9.968   19.463   10.012
  10.244   18.363   11.383
  13.582   17.196    5.351
  14.399   16.425    4.929
  12.515   16.735    6.058
  13.722   18.529    5.121
  12.453   15.320    6.249
  14.873   18.917    4.369
  13.312   14.850    5.769
  12.465   15.096    7.316
  11.534   14.933    5.807
  14.880   20.002    4.248
  15.775   18.606    4.896
  14.844   18.444    3.387
   1.417   14.072   18.506
   0.262   13.749   18.537
   2.387   13.154   18.767
   1.757   15.355   18.210
   1.933   11.832   19.068
   0.670   16.247   17.951
   0.845   11.804   19.031
   2.340   11.133   18.337
   2.271   11.551   20.066
   1.061   17.241   17.726
   0.095   15.883   17.099
   0.026   16.301   18.828
   8.898   17.017   17.252
   8.736   16.008   16.623
   9.605   18.047   16.715
   8.373   17.131   18.502
  10.118   17.836   15.397
   7.645   15.997   18.981
   9.833   16.842   15.051
   9.707   18.587   14.723
  11.205   17.917   15.413
   7.274   16.201   19.986
   6.804   15.797   18.317
   8.301   15.127   19.007
   9.176    1.806   14.597
   9.020    0.970   13.751
   8.222    1.998   15.547
  10.307    2.562   14.606
   7.069    1.157   15.456
  11.252    2.288   13.569
   7.174    0.487   14.603
   6.975    0.569   16.370
   6.179    1.773   15.328
  12.112    2.950   13.676
  11.581    1.251   13.640
  10.785    2.455   12.598
   2.975    8.051    3.734
   2.649    6.917    3.952
   4.293    8.376    3.652
   2.026    9.011    3.567
   5.216    7.301    3.841
   0.668    8.574    3.670
   4.667    6.377    4.024
   5.831    7.188    2.948
   5.857    7.518    4.697
   0.001    9.423    3.520
   0.470    7.819    2.909
   0.496    8.148    4.658
  10.198    1.606    8.036
  10.466    2.712    7.655
  10.770    0.525    7.441
   9.323    1.434    9.063
  11.676    0.805    6.371
   8.774    2.628    9.625
  11.744    1.883    6.224
  12.662    0.410    6.617
  11.315    0.336    5.456
   8.091    2.369   10.435
   9.579    3.251   10.016
   8.231    3.177    8.856
   5.829    8.129    0.677
   6.092    9.147    1.256
   4.533    7.815    0.408
   6.827    7.289    0.290
   3.555    8.759    0.852
   8.155    7.703    0.617
   4.052    9.592    1.348
   2.991    9.129   -0.004
   2.874    8.273    1.552
   8.867    6.956    0.261
   8.366    8.660    0.142
   8.250    7.805    1.698
  10.207    5.679   14.533
  10.420    6.818   14.843
   8.941    5.279   14.237
  11.233    4.787   14.477
   7.930    6.286   14.324
  12.527    5.299   14.804
   8.382    7.231   14.624
   7.452    6.405   13.351
   7.184    5.989   15.061
  13.265    4.499   14.726
  12.787    6.101   14.114
  12.519    5.685   15.824
   2.600   17.003   14.462
   1.422   17.223   14.518
   3.480   18.033   14.339
   3.056   15.722   14.520
   2.908   19.342   14.286
   2.057   14.707   14.649
   1.823   19.268   14.357
   3.286   19.938   15.116
   3.179   19.819   13.344
   2.537   13.728   14.685
   1.491   14.868   15.566
   1.383   14.749   13.793
  17.622    6.688   19.256
  17.572    6.777   18.060
  17.314    5.510   19.863
  17.987    7.763   20.004
  16.941    4.437   18.995
  18.292    8.957   19.277
  16.975    4.777   17.960
  17.634    3.605   19.127
  15.930    4.108   19.236
  18.570    9.747   19.976
  19.122    8.767   18.597
  17.418    9.269   18.706
  13.575   11.246   14.426
  13.679   11.850   13.395
  12.934   11.812   15.484
  14.097    9.995   14.538
  12.418   13.129   15.272
  14.752    9.484   13.374
  12.645   13.449   14.256
  11.338   13.124   15.420
  12.878   13.817   15.982
  15.128    8.481   13.579
  14.044    9.442   12.546
  15.584   10.136   13.108
  12.938   12.977   19.264
  13.043   13.194   18.089
  11.759   13.218   19.898
  13.999   12.492   19.963
  10.702   13.728   19.081
  15.195   12.270   19.212
  11.053   13.834   18.055
   9.858   13.038   19.107
  10.387   14.701   19.460
  15.973   11.883   19.873
  15.000   11.548   18.420
  15.529   13.210   18.773
   4.961   12.341    6.436
   3.933   11.859    6.049
   5.428   13.488    5.875
   5.660   11.739    7.436
   4.626   14.047    4.832
   5.091   10.538    7.963
   3.748   13.421    4.673
   4.309   15.051    5.115
   5.209   14.097    3.912
   5.734   10.148    8.754
   4.104   10.752    8.372
   5.003    9.797    7.169
  12.914    9.377    6.335
  12.723    8.199    6.453
  11.867   10.217    6.115
  14.177    9.874    6.421
  10.577    9.604    6.040
  15.212    8.915    6.654
  10.677    8.528    6.179
   9.934   10.013    6.820
  10.136    9.805    5.064
  16.176    9.425    6.703
  15.026    8.399    7.596
  15.228    8.191    5.839
   6.641    9.248   15.745
   7.481    8.705   16.409
   5.445    8.637   15.530
   6.886   10.473   15.207
   5.279    7.352   16.135
   8.171   11.034   15.487
   6.184    7.088   16.681
   4.434    7.381   16.823
   5.092    6.608   15.361
   8.253   12.011   15.008
   8.292   11.148   16.565
   8.949   10.375   15.102
  10.306    2.879    2.064
  11.370    3.144    1.575
   9.972    1.582    2.303
   9.435    3.875    2.379
  10.951    0.606    1.939
   9.875    5.205    2.091
  11.823    1.104    1.518
  11.246    0.040    2.824
  10.528   -0.074    1.199
   9.100    5.915    2.383
  10.788    5.416    2.648
  10.070    5.301    1.023
   2.471   18.116    5.140
   3.614   17.891    4.848
   1.948   17.604    6.285
   1.701   18.885    4.324
   2.833   16.809    7.078
   2.338   19.379    3.143
   3.809   16.759    6.595
   2.939   17.258    8.066
   2.426   15.803    7.179
   1.628   19.978    2.570
   3.192   19.997    3.421
   2.679   18.541    2.535
   8.580    8.953   19.112
   8.469   10.148   19.112
   7.470    8.167   19.112
   9.816    8.384   19.112
   6.216    8.854   19.111
  10.922    9.290   19.112
   6.390    9.930   19.111
   5.650    8.578   18.221
   5.650    8.578   20.001
  11.855    8.725   19.113
  10.879    9.918   18.222
  10.878    9.918   20.002
   3.293    6.226   11.922
   4.123    5.377   11.749
   3.670    7.485   12.271
   1.974    5.929   11.770
   5.077    7.702   12.407
   1.674    4.580   11.403
   5.610    6.775   12.196
   5.396    8.472   11.704
   5.298    8.026   13.424
   0.594    4.460   11.311
   2.147    4.348   10.449
   2.050    3.902   12.169
  13.514    8.152   10.125
  13.418    7.783    8.987
  13.611    7.241   11.130
  13.526    9.482   10.409
  13.590    5.867   10.734
  13.419   10.363    9.288
  13.496    5.802    9.651
  14.515    5.384   11.049
  12.742    5.367   11.204
  13.440   11.397    9.635
  14.255   10.192    8.610
  12.482   10.175    8.765
  18.094    8.229    9.036
  17.008    8.264    8.528
  18.257    8.634   10.324
  19.164    7.784    8.323
  17.076    9.085   10.992
  18.895    7.380    6.978
  16.226    9.018   10.314
  16.893    8.462   11.868
  17.209   10.121   11.306
  19.821    7.044    6.507
  18.174    6.563    6.980
  18.489    8.222    6.418
  18.015    0.546   14.207
  17.191    1.235   14.742
  17.897    0.247   12.885
  19.067    0.065   14.922
  16.759    0.798   12.217
  19.106    0.433   16.303
  16.170    1.382   12.924
  17.092    1.441   11.402
  16.148   -0.010   11.815
  19.987   -0.007   16.772
  19.154    1.518   16.390
  18.209    0.067   16.803
   4.355   15.484   10.303
   5.537   15.688   10.355
   3.878   14.216   10.419
   3.493   16.522   10.129
   4.860   13.192   10.600
   4.087   17.818   10.017
   5.854   13.638   10.611
   4.680   12.679   11.545
   4.793   12.476    9.780
   3.305   18.566    9.881
   4.648   18.041   10.925
   4.760   17.837    9.160
  17.790   12.183    9.008
  18.720   12.828    9.409
  17.998   11.154    8.143
  16.529   12.480    9.420
  19.357   10.917    7.767
  16.409   13.577   10.330
  20.004   11.638    8.267
  19.645    9.907    8.060
  19.460   11.025    6.687
  15.359   13.722   10.589
  16.979   13.364   11.234
  16.794   14.482    9.861
  12.213    0.809   16.166
  12.043    1.940   15.802
  11.245    0.171   16.877
  13.373    0.166   15.866
  10.062    0.928   17.143
  14.330    0.918   15.115
  10.159    1.921   16.707
   9.201    0.421   16.706
   9.922    1.016   18.221
  15.214    0.304   14.935
  13.894    1.213   14.161
  14.615    1.808   15.675
   8.863    8.750   11.730
   7.917    8.052   11.974
  10.101    8.199   11.608
   8.696   10.091   11.575
  10.177    6.783   11.787
   7.360   10.577   11.721
   9.183    6.389   11.998
  10.565    6.322   10.879
  10.841    6.557   12.621
   7.349   11.659   11.576
   6.717   10.106   10.977
   6.994   10.342   12.720
  15.909    9.127   17.030
  16.425    8.110   16.657
  14.888    9.082   17.927
  16.345   10.325   16.555
  14.499    7.779   18.369
  17.422   10.272   15.616
  15.121    7.029   17.882
  14.624    7.710   19.450
  13.453    7.606   18.113
  17.686   11.284   15.307
  18.287    9.798   16.080
  17.117    9.695   14.743
   1.648    8.772   15.761
   2.614    8.113   15.491
   0.921    8.488   16.875
   1.281    9.803   14.954
   1.384    7.387   17.661
   2.106   10.026   13.808
   2.275    6.960   17.201
   1.625    7.734   18.666
   0.604    6.627   17.717
   1.717   10.872   13.239
   3.125   10.242   14.128
   2.103    9.135   13.179
   1.172   12.915    9.490
  -0.002   12.796    9.707
   1.979   11.821    9.498
   1.695   14.145    9.235
   1.340   10.573    9.775
   0.769   15.234    9.247
   0.274   10.737    9.936
   1.480    9.897    8.931
   1.778   10.130   10.670
   1.299   16.164    9.032
   0.003   15.070    8.490
   0.301   15.303   10.229
  17.282   18.117    9.592
  16.473   17.232    9.636
  17.815   18.610   10.742
  17.665   18.628    8.391
  17.351   18.010   11.954
  17.050   18.047    7.238
  16.623   17.234   11.721
  18.194   17.569   12.487
  16.883   18.770   12.580
  17.432   18.533    6.339
  17.281   16.983    7.200
  15.970   18.184    7.293
  13.569    1.018   10.140
  13.112    1.288    9.064
  14.916    1.036   10.330
  12.741    0.695   11.169
  15.705    1.387    9.191
  11.342    0.703   10.874
  15.051    1.585    8.342
  16.289    2.280    9.415
  16.378    0.565    8.947
  10.780    0.430   11.768
  11.044    1.699   10.549
  11.133   -0.016   10.082
  16.115    2.339    0.581
  15.673    3.130    1.367
  17.411    2.432    0.178
  15.321    1.348    0.093
  18.167    3.505    0.745
  13.974    1.331    0.575
  17.536    4.075    1.426
  19.019    3.100    1.292
  18.525    4.158   -0.052
  13.436    0.499    0.118
  13.976    1.210    1.658
  13.482    2.268    0.315
   7.259   17.199    5.738
   7.560   16.183    5.175
   6.540   17.295    6.963
   7.559   18.520    5.299
   6.395   18.676    7.281
   7.025   19.432    6.252
   5.330   18.904    7.240
   6.956   18.854    8.198
   6.243   20.001    5.749
   7.869   19.951    6.707
   1.119    8.089    6.765
   1.083    6.913    6.996
  -0.003    8.963    6.692
   2.292    8.858    6.516
   0.477   10.271    6.397
   1.895   10.206    6.289
   0.093   10.539    5.413
   0.251   10.897    7.260
   2.148   10.445    5.256
   2.306   10.803    7.103
   5.093    3.308   11.093
   5.055    3.113    9.909
   4.056    3.011   12.023
   6.181    3.877   11.813
   4.504    3.396   13.318
   5.817    3.931   13.189
   3.859    4.208   13.652
   4.586    2.486   13.912
   5.762    4.984   13.464
   6.490    3.262   13.725
  10.407    7.601   16.896
   9.802    6.824   17.582
   9.846    8.696   16.178
  11.810    7.590   16.656
  10.903    9.361   15.494
  12.117    8.678   15.790
  10.720    9.241   14.427
  10.984   10.359   15.925
  12.479    8.251   14.855
  12.744    9.369   16.353
  15.177    1.757   19.671
  16.302    2.061   19.956
  14.071    2.648   19.566
  14.714    0.443   19.377
  12.924    1.884   19.207
  13.322    0.521   19.091
  12.226    1.943   20.042
  12.616    2.213   18.215
  12.802   -0.032   19.873
  13.193    0.239   18.046
   5.965   15.175    8.256
   4.978   15.858    8.228
   7.308   15.646    8.299
   5.998   13.751    8.253
   8.171   14.514    8.322
   7.361   13.343    8.294
   8.744   14.529    7.396
   8.686   14.523    9.283
   7.571   12.832    7.354
   7.512   12.826    9.241
  11.258   19.042    7.702
  11.940   20.002    7.470
  11.722   17.707    7.869
   9.843   19.039    7.857
  10.594   16.878    8.128
   9.432   17.701    8.120
  10.503   16.189    7.288
  10.706   16.491    9.141
   8.819   17.382    7.277
   9.022   17.685    9.130
   2.945   14.338    2.843
   3.015   15.413    3.371
   3.981   13.699    2.104
   1.810   13.477    2.844
   3.487   12.444    1.649
   2.145   12.307    2.106
   3.451   12.489    0.560
   4.074   11.670    2.143
   1.506   12.291    1.223
   2.129   11.471    2.806
  10.644    9.656    9.851
  10.670    8.554    9.377
  10.052   10.808    9.258
  11.198   10.041   11.104
  10.241   11.905   10.146
  10.950   11.431   11.287
  10.891   12.618    9.639
   9.254   12.214   10.488
  11.918   11.932   11.293
  10.280   11.528   12.142
   2.053   11.704   16.243
   0.899   11.758   15.917
   2.860   12.803   16.653
   2.856   10.529   16.287
   4.160   12.307   16.952
   4.158   10.901   16.725
   4.845   12.747   16.226
   4.325   12.460   18.018
   4.841   10.709   15.898
   4.321   10.422   17.690
  10.583    5.463    5.422
   9.736    5.542    4.576
  11.460    6.509    5.828
  10.889    4.307    6.195
  12.307    5.999    6.852
  11.955    4.638    7.079
  13.324    6.005    6.460
  12.072    6.547    7.765
  12.813    4.033    6.788
  11.561    4.574    8.093
   4.549   16.506   17.335
   4.974   15.404   17.128
   5.329   17.683   17.524
   3.176   16.869   17.435
   4.438   18.772   17.740
   3.107   18.269   17.686
   4.605   19.125   18.758
   4.557   19.455   16.900
   2.676   18.396   18.679
   2.627   18.726   16.820
   5.762    7.538    8.181
   6.823    8.018    7.892
   5.404    6.165    8.060
   4.640    8.240    8.705
   4.061    6.019    8.509
   3.589    7.301    8.908
   3.467    5.712    7.648
   4.088    5.396    9.403
   2.782    7.571    8.226
   3.403    7.255    9.981
   7.480   16.355    2.980
   6.357   16.533    2.598
   8.439   17.370    3.262
   8.089   15.093    3.231
   9.640   16.735    3.688
   9.424   15.327    3.668
  10.400   16.952    2.938
   9.802   17.019    4.727
  10.087   14.912    2.909
   9.489   14.979    4.699
  16.343   15.665   18.840
  17.110   15.339   19.704
  15.235   16.545   18.993
  16.383   15.239   17.482
  14.589   16.664   17.729
  15.299   15.856   16.795
  13.595   16.231   17.836
  14.702   17.699   17.408
  14.623   15.061   16.482
  15.730   16.529   16.054
  13.710    4.307    2.756
  13.363    3.185    2.508
  13.234    5.112    3.829
  14.671    5.066    2.029
  13.900    6.369    3.765
  14.788    6.340    2.653
  13.143    7.123    3.551
  14.513    6.453    4.662
  14.430    7.081    1.938
  15.801    6.411    3.050
  16.999    0.279    5.221
  17.480   -0.039    6.273
  15.609    0.344    4.921
  17.719    0.657    4.052
  15.469    0.763    3.568
  16.774    0.957    3.031
  15.018   -0.065    3.021
  14.981    1.737    3.582
  16.909    0.216    2.242
  16.872    2.018    2.804
   6.229   16.269   15.098
   6.646   16.530   16.193
   6.149   14.971   14.520
   5.727   17.205   14.149
   5.598   15.104   13.214
   5.337   16.485   12.985
   6.371   14.802   12.508
   4.635   14.593   13.219
   5.993   16.804   12.175
   4.257   16.595   12.887
  15.081   12.519    6.913
  14.104   11.904    7.241
  15.179   13.935    6.801
  16.344   11.961    6.569
  16.504   14.252    6.387
  17.224   13.032    6.243
  16.432   14.699    5.396
  16.971   14.805    7.202
  17.475   12.931    5.187
  18.015   13.036    6.994
  10.591    7.345    1.635
  19.738    2.235   14.374
  17.459    1.621   18.142
   3.329    0.083   19.368
  10.602   10.545    3.044
   7.613   11.302    4.637
   8.870   11.703    3.750
   6.356   10.902    5.524
   6.723   11.187    3.324
   8.503   11.418    5.950
   7.218   12.837    4.770
   8.008    9.768    4.504
  13.553   18.068   13.323
  13.775   17.493   11.857
  13.330   18.644   14.788
  14.979   17.515   13.756
  12.127   18.622   12.889
  12.885   16.693   13.762
  14.220   19.443   12.884
   5.673    4.567   18.424
   4.515    5.647   18.287
   6.832    3.486   18.561
   4.584    3.415   18.549
   6.762    5.719   18.299
   5.659    4.752   20.003
   5.688    4.382   16.845
  14.693   11.582    4.051
  15.844   11.619    2.955
  13.541   11.546    5.146
  14.067   10.300    3.350
  15.319   12.865    4.751
  13.793   12.521    3.136
  15.593   10.644    4.965
  15.970    3.552    5.557
  17.065    2.595    4.913
  14.876    4.509    6.201
  14.985    2.315    5.722
  16.955    4.789    5.392
  15.370    3.838    4.113
  16.570    3.267    7.001
