1 1 9 +0.52 0.0 0.0 0.0
2 1 20 -0.50 1.229 0.0 0.0
3 1 19 -0.35 -0.68 1.2 0.0
4 1 19 -0.35 0.68 1.2 0.0
5 1 2 +0.22 1.8 1.8 0.0
6 1 2 +0.22 -1.8 1.8 0.0
7 1 11 +0.06 -2.3 1.2 0.89
8 1 11 +0.06 -2.3 1.2 -0.89
9 1 11 +0.06 2.3 1.2 0.89
10 1 11 +0.06 2.3 1.2 -0.89
11 2 9 +0.52 0.0 0.0 0.0
12 2 20 -0.50 1.229 0.0 0.0
13 2 19 -0.35 -0.68 1.2 0.0
14 2 19 -0.35 0.68 1.2 0.0
15 2 2 +0.22 1.8 1.8 0.0
16 2 2 +0.22 -1.8 1.8 0.0
17 2 11 +0.06 -2.3 1.2 0.89
18 2 11 +0.06 -2.3 1.2 -0.89
19 2 11 +0.06 2.3 1.2 0.89
20 2 11 +0.06 2.3 1.2 -0.89
21 3 31 1.0 0.0 0.0 0.0
22 4 27 +1.34 0.0 0.0 0.0
23 4 26 -0.39 1.59 0.0 0.0
24 4 26 -0.39 -1.59 0.0 0.0
25 4 26 -0.39 0.0 1.59 0.0
26 4 26 -0.39 0.0 -1.59 0.0
27 4 26 -0.39 0.0 0.0 1.59
28 4 26 -0.39 0.0 0.0 -1.59
