1 1 9 +0.52 0.0 0.0 0.0
2 1 20 -0.50 1.229 0.0 0.0
3 1 19 -0.35 1.36 0.0 0.0
4 1 19 -0.35 -1.36 0.0 0.0
5 1 1 +0.22 2.8 0.0 0.0
6 1 1 +0.22 -2.8 0.0 0.0
7 1 11 +0.06 3.3 0.0 0.89
8 1 11 +0.06 3.3 0.0 -0.89
9 1 11 +0.06 3.3 0.89 0.0
10 1 11 +0.06 -3.3 0.0 0.89
11 1 11 +0.06 -3.3 0.0 -0.89
12 1 11 +0.06 -3.3 -0.89 0.0
13 2 9 +0.52 0.0 0.0 0.0
14 2 20 -0.50 1.229 0.0 0.0
15 2 19 -0.35 1.36 0.0 0.0
16 2 19 -0.35 -1.36 0.0 0.0
17 2 1 +0.22 2.8 0.0 0.0
18 2 1 +0.22 -2.8 0.0 0.0
19 2 11 +0.06 3.3 0.0 0.89
20 2 11 +0.06 3.3 0.0 -0.89
21 2 11 +0.06 3.3 0.89 0.0
22 2 11 +0.06 -3.3 0.0 0.89
23 2 11 +0.06 -3.3 0.0 -0.89
24 2 11 +0.06 -3.3 -0.89 0.0
25 3 9 +0.52 0.0 0.0 0.0
26 3 20 -0.50 1.229 0.0 0.0
27 3 19 -0.35 1.36 0.0 0.0
28 3 19 -0.35 -1.36 0.0 0.0
29 3 1 +0.22 2.8 0.0 0.0
30 3 1 +0.22 -2.8 0.0 0.0
31 3 11 +0.06 3.3 0.0 0.89
32 3 11 +0.06 3.3 0.0 -0.89
33 3 11 +0.06 3.3 0.89 0.0
34 3 11 +0.06 -3.3 0.0 0.89
35 3 11 +0.06 -3.3 0.0 -0.89
36 3 11 +0.06 -3.3 -0.89 0.0
37 4 9 +0.52 0.0 0.0 0.0
38 4 20 -0.50 1.229 0.0 0.0
39 4 19 -0.35 1.36 0.0 0.0
40 4 19 -0.35 -1.36 0.0 0.0
41 4 1 +0.22 2.8 0.0 0.0
42 4 1 +0.22 -2.8 0.0 0.0
43 4 11 +0.06 3.3 0.0 0.89
44 4 11 +0.06 3.3 0.0 -0.89
45 4 11 +0.06 3.3 0.89 0.0
46 4 11 +0.06 -3.3 0.0 0.89
47 4 11 +0.06 -3.3 0.0 -0.89
48 4 11 +0.06 -3.3 -0.89 0.0
49 5 9 +0.52 0.0 0.0 0.0
50 5 20 -0.50 1.229 0.0 0.0
51 5 19 -0.35 1.36 0.0 0.0
52 5 19 -0.35 -1.36 0.0 0.0
53 5 1 +0.22 2.8 0.0 0.0
54 5 1 +0.22 -2.8 0.0 0.0
55 5 11 +0.06 3.3 0.0 0.89
56 5 11 +0.06 3.3 0.0 -0.89
57 5 11 +0.06 3.3 0.89 0.0
58 5 11 +0.06 -3.3 0.0 0.89
59 5 11 +0.06 -3.3 0.0 -0.89
60 5 11 +0.06 -3.3 -0.89 0.0
61 6 9 +0.52 0.0 0.0 0.0
62 6 20 -0.50 1.229 0.0 0.0
63 6 19 -0.35 1.36 0.0 0.0
64 6 19 -0.35 -1.36 0.0 0.0
65 6 1 +0.22 2.8 0.0 0.0
66 6 1 +0.22 -2.8 0.0 0.0
67 6 11 +0.06 3.3 0.0 0.89
68 6 11 +0.06 3.3 0.0 -0.89
69 6 11 +0.06 3.3 0.89 0.0
70 6 11 +0.06 -3.3 0.0 0.89
71 6 11 +0.06 -3.3 0.0 -0.89
72 6 11 +0.06 -3.3 -0.89 0.0
73 7 9 +0.52 0.0 0.0 0.0
74 7 20 -0.50 1.229 0.0 0.0
75 7 19 -0.35 1.36 0.0 0.0
76 7 19 -0.35 -1.36 0.0 0.0
77 7 1 +0.22 2.8 0.0 0.0
78 7 1 +0.22 -2.8 0.0 0.0
79 7 11 +0.06 3.3 0.0 0.89
80 7 11 +0.06 3.3 0.0 -0.89
81 7 11 +0.06 3.3 0.89 0.0
82 7 11 +0.06 -3.3 0.0 0.89
83 7 11 +0.06 -3.3 0.0 -0.89
84 7 11 +0.06 -3.3 -0.89 0.0
85 8 9 +0.52 0.0 0.0 0.0
86 8 20 -0.50 1.229 0.0 0.0
87 8 19 -0.35 1.36 0.0 0.0
88 8 19 -0.35 -1.36 0.0 0.0
89 8 1 +0.22 2.8 0.0 0.0
90 8 1 +0.22 -2.8 0.0 0.0
91 8 11 +0.06 3.3 0.0 0.89
92 8 11 +0.06 3.3 0.0 -0.89
93 8 11 +0.06 3.3 0.89 0.0
94 8 11 +0.06 -3.3 0.0 0.89
95 8 11 +0.06 -3.3 0.0 -0.89
96 8 11 +0.06 -3.3 -0.89 0.0
97 9 9 +0.52 0.0 0.0 0.0
98 9 20 -0.50 1.229 0.0 0.0
99 9 19 -0.35 1.36 0.0 0.0
100 9 19 -0.35 -1.36 0.0 0.0
101 9 1 +0.22 2.8 0.0 0.0
102 9 1 +0.22 -2.8 0.0 0.0
103 9 11 +0.06 3.3 0.0 0.89
104 9 11 +0.06 3.3 0.0 -0.89
105 9 11 +0.06 3.3 0.89 0.0
106 9 11 +0.06 -3.3 0.0 0.89
107 9 11 +0.06 -3.3 0.0 -0.89
108 9 11 +0.06 -3.3 -0.89 0.0
109 10 9 +0.52 0.0 0.0 0.0
110 10 20 -0.50 1.229 0.0 0.0
111 10 19 -0.35 1.36 0.0 0.0
112 10 19 -0.35 -1.36 0.0 0.0
113 10 1 +0.22 2.8 0.0 0.0
114 10 1 +0.22 -2.8 0.0 0.0
115 10 11 +0.06 3.3 0.0 0.89
116 10 11 +0.06 3.3 0.0 -0.89
117 10 11 +0.06 3.3 0.89 0.0
118 10 11 +0.06 -3.3 0.0 0.89
119 10 11 +0.06 -3.3 0.0 -0.89
120 10 11 +0.06 -3.3 -0.89 0.0
121 11 9 +0.52 0.0 0.0 0.0
122 11 20 -0.50 1.229 0.0 0.0
123 11 19 -0.35 1.36 0.0 0.0
124 11 19 -0.35 -1.36 0.0 0.0
125 11 1 +0.22 2.8 0.0 0.0
126 11 1 +0.22 -2.8 0.0 0.0
127 11 11 +0.06 3.3 0.0 0.89
128 11 11 +0.06 3.3 0.0 -0.89
129 11 11 +0.06 3.3 0.89 0.0
130 11 11 +0.06 -3.3 0.0 0.89
131 11 11 +0.06 -3.3 0.0 -0.89
132 11 11 +0.06 -3.3 -0.89 0.0
133 12 9 +0.52 0.0 0.0 0.0
134 12 20 -0.50 1.229 0.0 0.0
135 12 19 -0.35 1.36 0.0 0.0
136 12 19 -0.35 -1.36 0.0 0.0
137 12 1 +0.22 2.8 0.0 0.0
138 12 1 +0.22 -2.8 0.0 0.0
139 12 11 +0.06 3.3 0.0 0.89
140 12 11 +0.06 3.3 0.0 -0.89
141 12 11 +0.06 3.3 0.89 0.0
142 12 11 +0.06 -3.3 0.0 0.89
143 12 11 +0.06 -3.3 0.0 -0.89
144 12 11 +0.06 -3.3 -0.89 0.0
145 13 9 +0.52 0.0 0.0 0.0
146 13 20 -0.50 1.229 0.0 0.0
147 13 19 -0.35 1.36 0.0 0.0
148 13 19 -0.35 -1.36 0.0 0.0
149 13 1 +0.22 2.8 0.0 0.0
150 13 1 +0.22 -2.8 0.0 0.0
151 13 11 +0.06 3.3 0.0 0.89
152 13 11 +0.06 3.3 0.0 -0.89
153 13 11 +0.06 3.3 0.89 0.0
154 13 11 +0.06 -3.3 0.0 0.89
155 13 11 +0.06 -3.3 0.0 -0.89
156 13 11 +0.06 -3.3 -0.89 0.0
157 14 9 +0.52 0.0 0.0 0.0
158 14 20 -0.50 1.229 0.0 0.0
159 14 19 -0.35 1.36 0.0 0.0
160 14 19 -0.35 -1.36 0.0 0.0
161 14 1 +0.22 2.8 0.0 0.0
162 14 1 +0.22 -2.8 0.0 0.0
163 14 11 +0.06 3.3 0.0 0.89
164 14 11 +0.06 3.3 0.0 -0.89
165 14 11 +0.06 3.3 0.89 0.0
166 14 11 +0.06 -3.3 0.0 0.89
167 14 11 +0.06 -3.3 0.0 -0.89
168 14 11 +0.06 -3.3 -0.89 0.0
169 15 9 +0.52 0.0 0.0 0.0
170 15 20 -0.50 1.229 0.0 0.0
171 15 19 -0.35 1.36 0.0 0.0
172 15 19 -0.35 -1.36 0.0 0.0
173 15 1 +0.22 2.8 0.0 0.0
174 15 1 +0.22 -2.8 0.0 0.0
175 15 11 +0.06 3.3 0.0 0.89
176 15 11 +0.06 3.3 0.0 -0.89
177 15 11 +0.06 3.3 0.89 0.0
178 15 11 +0.06 -3.3 0.0 0.89
179 15 11 +0.06 -3.3 0.0 -0.89
180 15 11 +0.06 -3.3 -0.89 0.0
181 16 9 +0.52 0.0 0.0 0.0
182 16 20 -0.50 1.229 0.0 0.0
183 16 19 -0.35 1.36 0.0 0.0
184 16 19 -0.35 -1.36 0.0 0.0
185 16 1 +0.22 2.8 0.0 0.0
186 16 1 +0.22 -2.8 0.0 0.0
187 16 11 +0.06 3.3 0.0 0.89
188 16 11 +0.06 3.3 0.0 -0.89
189 16 11 +0.06 3.3 0.89 0.0
190 16 11 +0.06 -3.3 0.0 0.89
191 16 11 +0.06 -3.3 0.0 -0.89
192 16 11 +0.06 -3.3 -0.89 0.0
193 17 9 +0.52 0.0 0.0 0.0
194 17 20 -0.50 1.229 0.0 0.0
195 17 19 -0.35 1.36 0.0 0.0
196 17 19 -0.35 -1.36 0.0 0.0
197 17 1 +0.22 2.8 0.0 0.0
198 17 1 +0.22 -2.8 0.0 0.0
199 17 11 +0.06 3.3 0.0 0.89
200 17 11 +0.06 3.3 0.0 -0.89
201 17 11 +0.06 3.3 0.89 0.0
202 17 11 +0.06 -3.3 0.0 0.89
203 17 11 +0.06 -3.3 0.0 -0.89
204 17 11 +0.06 -3.3 -0.89 0.0
205 18 9 +0.52 0.0 0.0 0.0
206 18 20 -0.50 1.229 0.0 0.0
207 18 19 -0.35 1.36 0.0 0.0
208 18 19 -0.35 -1.36 0.0 0.0
209 18 1 +0.22 2.8 0.0 0.0
210 18 1 +0.22 -2.8 0.0 0.0
211 18 11 +0.06 3.3 0.0 0.89
212 18 11 +0.06 3.3 0.0 -0.89
213 18 11 +0.06 3.3 0.89 0.0
214 18 11 +0.06 -3.3 0.0 0.89
215 18 11 +0.06 -3.3 0.0 -0.89
216 18 11 +0.06 -3.3 -0.89 0.0
217 19 9 +0.52 0.0 0.0 0.0
218 19 20 -0.50 1.229 0.0 0.0
219 19 19 -0.35 1.36 0.0 0.0
220 19 19 -0.35 -1.36 0.0 0.0
221 19 1 +0.22 2.8 0.0 0.0
222 19 1 +0.22 -2.8 0.0 0.0
223 19 11 +0.06 3.3 0.0 0.89
224 19 11 +0.06 3.3 0.0 -0.89
225 19 11 +0.06 3.3 0.89 0.0
226 19 11 +0.06 -3.3 0.0 0.89
227 19 11 +0.06 -3.3 0.0 -0.89
228 19 11 +0.06 -3.3 -0.89 0.0
229 20 9 +0.52 0.0 0.0 0.0
230 20 20 -0.50 1.229 0.0 0.0
231 20 19 -0.35 1.36 0.0 0.0
232 20 19 -0.35 -1.36 0.0 0.0
233 20 1 +0.22 2.8 0.0 0.0
234 20 1 +0.22 -2.8 0.0 0.0
235 20 11 +0.06 3.3 0.0 0.89
236 20 11 +0.06 3.3 0.0 -0.89
237 20 11 +0.06 3.3 0.89 0.0
238 20 11 +0.06 -3.3 0.0 0.89
239 20 11 +0.06 -3.3 0.0 -0.89
240 20 11 +0.06 -3.3 -0.89 0.0
241 21 9 +0.52 0.0 0.0 0.0
242 21 20 -0.50 1.229 0.0 0.0
243 21 19 -0.35 1.36 0.0 0.0
244 21 19 -0.35 -1.36 0.0 0.0
245 21 1 +0.22 2.8 0.0 0.0
246 21 1 +0.22 -2.8 0.0 0.0
247 21 11 +0.06 3.3 0.0 0.89
248 21 11 +0.06 3.3 0.0 -0.89
249 21 11 +0.06 3.3 0.89 0.0
250 21 11 +0.06 -3.3 0.0 0.89
251 21 11 +0.06 -3.3 0.0 -0.89
252 21 11 +0.06 -3.3 -0.89 0.0
253 22 9 +0.52 0.0 0.0 0.0
254 22 20 -0.50 1.229 0.0 0.0
255 22 19 -0.35 1.36 0.0 0.0
256 22 19 -0.35 -1.36 0.0 0.0
257 22 1 +0.22 2.8 0.0 0.0
258 22 1 +0.22 -2.8 0.0 0.0
259 22 11 +0.06 3.3 0.0 0.89
260 22 11 +0.06 3.3 0.0 -0.89
261 22 11 +0.06 3.3 0.89 0.0
262 22 11 +0.06 -3.3 0.0 0.89
263 22 11 +0.06 -3.3 0.0 -0.89
264 22 11 +0.06 -3.3 -0.89 0.0
265 23 9 +0.52 0.0 0.0 0.0
266 23 20 -0.50 1.229 0.0 0.0
267 23 19 -0.35 1.36 0.0 0.0
268 23 19 -0.35 -1.36 0.0 0.0
269 23 1 +0.22 2.8 0.0 0.0
270 23 1 +0.22 -2.8 0.0 0.0
271 23 11 +0.06 3.3 0.0 0.89
272 23 11 +0.06 3.3 0.0 -0.89
273 23 11 +0.06 3.3 0.89 0.0
274 23 11 +0.06 -3.3 0.0 0.89
275 23 11 +0.06 -3.3 0.0 -0.89
276 23 11 +0.06 -3.3 -0.89 0.0
277 24 9 +0.52 0.0 0.0 0.0
278 24 20 -0.50 1.229 0.0 0.0
279 24 19 -0.35 1.36 0.0 0.0
280 24 19 -0.35 -1.36 0.0 0.0
281 24 1 +0.22 2.8 0.0 0.0
282 24 1 +0.22 -2.8 0.0 0.0
283 24 11 +0.06 3.3 0.0 0.89
284 24 11 +0.06 3.3 0.0 -0.89
285 24 11 +0.06 3.3 0.89 0.0
286 24 11 +0.06 -3.3 0.0 0.89
287 24 11 +0.06 -3.3 0.0 -0.89
288 24 11 +0.06 -3.3 -0.89 0.0
289 25 9 +0.52 0.0 0.0 0.0
290 25 20 -0.50 1.229 0.0 0.0
291 25 19 -0.35 1.36 0.0 0.0
292 25 19 -0.35 -1.36 0.0 0.0
293 25 1 +0.22 2.8 0.0 0.0
294 25 1 +0.22 -2.8 0.0 0.0
295 25 11 +0.06 3.3 0.0 0.89
296 25 11 +0.06 3.3 0.0 -0.89
297 25 11 +0.06 3.3 0.89 0.0
298 25 11 +0.06 -3.3 0.0 0.89
299 25 11 +0.06 -3.3 0.0 -0.89
300 25 11 +0.06 -3.3 -0.89 0.0
301 26 9 +0.52 0.0 0.0 0.0
302 26 20 -0.50 1.229 0.0 0.0
303 26 19 -0.35 1.36 0.0 0.0
304 26 19 -0.35 -1.36 0.0 0.0
305 26 1 +0.22 2.8 0.0 0.0
306 26 1 +0.22 -2.8 0.0 0.0
307 26 11 +0.06 3.3 0.0 0.89
308 26 11 +0.06 3.3 0.0 -0.89
309 26 11 +0.06 3.3 0.89 0.0
310 26 11 +0.06 -3.3 0.0 0.89
311 26 11 +0.06 -3.3 0.0 -0.89
312 26 11 +0.06 -3.3 -0.89 0.0
313 27 9 +0.52 0.0 0.0 0.0
314 27 20 -0.50 1.229 0.0 0.0
315 27 19 -0.35 1.36 0.0 0.0
316 27 19 -0.35 -1.36 0.0 0.0
317 27 1 +0.22 2.8 0.0 0.0
318 27 1 +0.22 -2.8 0.0 0.0
319 27 11 +0.06 3.3 0.0 0.89
320 27 11 +0.06 3.3 0.0 -0.89
321 27 11 +0.06 3.3 0.89 0.0
322 27 11 +0.06 -3.3 0.0 0.89
323 27 11 +0.06 -3.3 0.0 -0.89
324 27 11 +0.06 -3.3 -0.89 0.0
325 28 9 +0.52 0.0 0.0 0.0
326 28 20 -0.50 1.229 0.0 0.0
327 28 19 -0.35 1.36 0.0 0.0
328 28 19 -0.35 -1.36 0.0 0.0
329 28 1 +0.22 2.8 0.0 0.0
330 28 1 +0.22 -2.8 0.0 0.0
331 28 11 +0.06 3.3 0.0 0.89
332 28 11 +0.06 3.3 0.0 -0.89
333 28 11 +0.06 3.3 0.89 0.0
334 28 11 +0.06 -3.3 0.0 0.89
335 28 11 +0.06 -3.3 0.0 -0.89
336 28 11 +0.06 -3.3 -0.89 0.0
337 29 9 +0.52 0.0 0.0 0.0
338 29 20 -0.50 1.229 0.0 0.0
339 29 19 -0.35 1.36 0.0 0.0
340 29 19 -0.35 -1.36 0.0 0.0
341 29 1 +0.22 2.8 0.0 0.0
342 29 1 +0.22 -2.8 0.0 0.0
343 29 11 +0.06 3.3 0.0 0.89
344 29 11 +0.06 3.3 0.0 -0.89
345 29 11 +0.06 3.3 0.89 0.0
346 29 11 +0.06 -3.3 0.0 0.89
347 29 11 +0.06 -3.3 0.0 -0.89
348 29 11 +0.06 -3.3 -0.89 0.0
349 30 9 +0.52 0.0 0.0 0.0
350 30 20 -0.50 1.229 0.0 0.0
351 30 19 -0.35 1.36 0.0 0.0
352 30 19 -0.35 -1.36 0.0 0.0
353 30 1 +0.22 2.8 0.0 0.0
354 30 1 +0.22 -2.8 0.0 0.0
355 30 11 +0.06 3.3 0.0 0.89
356 30 11 +0.06 3.3 0.0 -0.89
357 30 11 +0.06 3.3 0.89 0.0
358 30 11 +0.06 -3.3 0.0 0.89
359 30 11 +0.06 -3.3 0.0 -0.89
360 30 11 +0.06 -3.3 -0.89 0.0
361 31 9 +0.52 0.0 0.0 0.0
362 31 20 -0.50 1.229 0.0 0.0
363 31 19 -0.35 1.36 0.0 0.0
364 31 19 -0.35 -1.36 0.0 0.0
365 31 1 +0.22 2.8 0.0 0.0
366 31 1 +0.22 -2.8 0.0 0.0
367 31 11 +0.06 3.3 0.0 0.89
368 31 11 +0.06 3.3 0.0 -0.89
369 31 11 +0.06 3.3 0.89 0.0
370 31 11 +0.06 -3.3 0.0 0.89
371 31 11 +0.06 -3.3 0.0 -0.89
372 31 11 +0.06 -3.3 -0.89 0.0
373 32 9 +0.52 0.0 0.0 0.0
374 32 20 -0.50 1.229 0.0 0.0
375 32 19 -0.35 1.36 0.0 0.0
376 32 19 -0.35 -1.36 0.0 0.0
377 32 1 +0.22 2.8 0.0 0.0
378 32 1 +0.22 -2.8 0.0 0.0
379 32 11 +0.06 3.3 0.0 0.89
380 32 11 +0.06 3.3 0.0 -0.89
381 32 11 +0.06 3.3 0.89 0.0
382 32 11 +0.06 -3.3 0.0 0.89
383 32 11 +0.06 -3.3 0.0 -0.89
384 32 11 +0.06 -3.3 -0.89 0.0
385 33 9 +0.52 0.0 0.0 0.0
386 33 20 -0.50 1.229 0.0 0.0
387 33 19 -0.35 1.36 0.0 0.0
388 33 19 -0.35 -1.36 0.0 0.0
389 33 1 +0.22 2.8 0.0 0.0
390 33 1 +0.22 -2.8 0.0 0.0
391 33 11 +0.06 3.3 0.0 0.89
392 33 11 +0.06 3.3 0.0 -0.89
393 33 11 +0.06 3.3 0.89 0.0
394 33 11 +0.06 -3.3 0.0 0.89
395 33 11 +0.06 -3.3 0.0 -0.89
396 33 11 +0.06 -3.3 -0.89 0.0
397 34 9 +0.52 0.0 0.0 0.0
398 34 20 -0.50 1.229 0.0 0.0
399 34 19 -0.35 1.36 0.0 0.0
400 34 19 -0.35 -1.36 0.0 0.0
401 34 1 +0.22 2.8 0.0 0.0
402 34 1 +0.22 -2.8 0.0 0.0
403 34 11 +0.06 3.3 0.0 0.89
404 34 11 +0.06 3.3 0.0 -0.89
405 34 11 +0.06 3.3 0.89 0.0
406 34 11 +0.06 -3.3 0.0 0.89
407 34 11 +0.06 -3.3 0.0 -0.89
408 34 11 +0.06 -3.3 -0.89 0.0
409 35 9 +0.52 0.0 0.0 0.0
410 35 20 -0.50 1.229 0.0 0.0
411 35 19 -0.35 1.36 0.0 0.0
412 35 19 -0.35 -1.36 0.0 0.0
413 35 1 +0.22 2.8 0.0 0.0
414 35 1 +0.22 -2.8 0.0 0.0
415 35 11 +0.06 3.3 0.0 0.89
416 35 11 +0.06 3.3 0.0 -0.89
417 35 11 +0.06 3.3 0.89 0.0
418 35 11 +0.06 -3.3 0.0 0.89
419 35 11 +0.06 -3.3 0.0 -0.89
420 35 11 +0.06 -3.3 -0.89 0.0
421 36 9 +0.52 0.0 0.0 0.0
422 36 20 -0.50 1.229 0.0 0.0
423 36 19 -0.35 1.36 0.0 0.0
424 36 19 -0.35 -1.36 0.0 0.0
425 36 1 +0.22 2.8 0.0 0.0
426 36 1 +0.22 -2.8 0.0 0.0
427 36 11 +0.06 3.3 0.0 0.89
428 36 11 +0.06 3.3 0.0 -0.89
429 36 11 +0.06 3.3 0.89 0.0
430 36 11 +0.06 -3.3 0.0 0.89
431 36 11 +0.06 -3.3 0.0 -0.89
432 36 11 +0.06 -3.3 -0.89 0.0
433 37 9 +0.52 0.0 0.0 0.0
434 37 20 -0.50 1.229 0.0 0.0
435 37 19 -0.35 1.36 0.0 0.0
436 37 19 -0.35 -1.36 0.0 0.0
437 37 1 +0.22 2.8 0.0 0.0
438 37 1 +0.22 -2.8 0.0 0.0
439 37 11 +0.06 3.3 0.0 0.89
440 37 11 +0.06 3.3 0.0 -0.89
441 37 11 +0.06 3.3 0.89 0.0
442 37 11 +0.06 -3.3 0.0 0.89
443 37 11 +0.06 -3.3 0.0 -0.89
444 37 11 +0.06 -3.3 -0.89 0.0
445 38 9 +0.52 0.0 0.0 0.0
446 38 20 -0.50 1.229 0.0 0.0
447 38 19 -0.35 1.36 0.0 0.0
448 38 19 -0.35 -1.36 0.0 0.0
449 38 1 +0.22 2.8 0.0 0.0
450 38 1 +0.22 -2.8 0.0 0.0
451 38 11 +0.06 3.3 0.0 0.89
452 38 11 +0.06 3.3 0.0 -0.89
453 38 11 +0.06 3.3 0.89 0.0
454 38 11 +0.06 -3.3 0.0 0.89
455 38 11 +0.06 -3.3 0.0 -0.89
456 38 11 +0.06 -3.3 -0.89 0.0
457 39 9 +0.52 0.0 0.0 0.0
458 39 20 -0.50 1.229 0.0 0.0
459 39 19 -0.35 1.36 0.0 0.0
460 39 19 -0.35 -1.36 0.0 0.0
461 39 1 +0.22 2.8 0.0 0.0
462 39 1 +0.22 -2.8 0.0 0.0
463 39 11 +0.06 3.3 0.0 0.89
464 39 11 +0.06 3.3 0.0 -0.89
465 39 11 +0.06 3.3 0.89 0.0
466 39 11 +0.06 -3.3 0.0 0.89
467 39 11 +0.06 -3.3 0.0 -0.89
468 39 11 +0.06 -3.3 -0.89 0.0
469 40 9 +0.52 0.0 0.0 0.0
470 40 20 -0.50 1.229 0.0 0.0
471 40 19 -0.35 1.36 0.0 0.0
472 40 19 -0.35 -1.36 0.0 0.0
473 40 1 +0.22 2.8 0.0 0.0
474 40 1 +0.22 -2.8 0.0 0.0
475 40 11 +0.06 3.3 0.0 0.89
476 40 11 +0.06 3.3 0.0 -0.89
477 40 11 +0.06 3.3 0.89 0.0
478 40 11 +0.06 -3.3 0.0 0.89
479 40 11 +0.06 -3.3 0.0 -0.89
480 40 11 +0.06 -3.3 -0.89 0.0
481 41 9 +0.52 0.0 0.0 0.0
482 41 20 -0.50 1.229 0.0 0.0
483 41 19 -0.35 1.36 0.0 0.0
484 41 19 -0.35 -1.36 0.0 0.0
485 41 1 +0.22 2.8 0.0 0.0
486 41 1 +0.22 -2.8 0.0 0.0
487 41 11 +0.06 3.3 0.0 0.89
488 41 11 +0.06 3.3 0.0 -0.89
489 41 11 +0.06 3.3 0.89 0.0
490 41 11 +0.06 -3.3 0.0 0.89
491 41 11 +0.06 -3.3 0.0 -0.89
492 41 11 +0.06 -3.3 -0.89 0.0
493 42 9 +0.52 0.0 0.0 0.0
494 42 20 -0.50 1.229 0.0 0.0
495 42 19 -0.35 1.36 0.0 0.0
496 42 19 -0.35 -1.36 0.0 0.0
497 42 1 +0.22 2.8 0.0 0.0
498 42 1 +0.22 -2.8 0.0 0.0
499 42 11 +0.06 3.3 0.0 0.89
500 42 11 +0.06 3.3 0.0 -0.89
501 42 11 +0.06 3.3 0.89 0.0
502 42 11 +0.06 -3.3 0.0 0.89
503 42 11 +0.06 -3.3 0.0 -0.89
504 42 11 +0.06 -3.3 -0.89 0.0
505 43 9 +0.52 0.0 0.0 0.0
506 43 20 -0.50 1.229 0.0 0.0
507 43 19 -0.35 1.36 0.0 0.0
508 43 19 -0.35 -1.36 0.0 0.0
509 43 1 +0.22 2.8 0.0 0.0
510 43 1 +0.22 -2.8 0.0 0.0
511 43 11 +0.06 3.3 0.0 0.89
512 43 11 +0.06 3.3 0.0 -0.89
513 43 11 +0.06 3.3 0.89 0.0
514 43 11 +0.06 -3.3 0.0 0.89
515 43 11 +0.06 -3.3 0.0 -0.89
516 43 11 +0.06 -3.3 -0.89 0.0
517 44 9 +0.52 0.0 0.0 0.0
518 44 20 -0.50 1.229 0.0 0.0
519 44 19 -0.35 1.36 0.0 0.0
520 44 19 -0.35 -1.36 0.0 0.0
521 44 1 +0.22 2.8 0.0 0.0
522 44 1 +0.22 -2.8 0.0 0.0
523 44 11 +0.06 3.3 0.0 0.89
524 44 11 +0.06 3.3 0.0 -0.89
525 44 11 +0.06 3.3 0.89 0.0
526 44 11 +0.06 -3.3 0.0 0.89
527 44 11 +0.06 -3.3 0.0 -0.89
528 44 11 +0.06 -3.3 -0.89 0.0
529 45 9 +0.52 0.0 0.0 0.0
530 45 20 -0.50 1.229 0.0 0.0
531 45 19 -0.35 1.36 0.0 0.0
532 45 19 -0.35 -1.36 0.0 0.0
533 45 1 +0.22 2.8 0.0 0.0
534 45 1 +0.22 -2.8 0.0 0.0
535 45 11 +0.06 3.3 0.0 0.89
536 45 11 +0.06 3.3 0.0 -0.89
537 45 11 +0.06 3.3 0.89 0.0
538 45 11 +0.06 -3.3 0.0 0.89
539 45 11 +0.06 -3.3 0.0 -0.89
540 45 11 +0.06 -3.3 -0.89 0.0
541 46 9 +0.52 0.0 0.0 0.0
542 46 20 -0.50 1.229 0.0 0.0
543 46 19 -0.35 -0.68 1.2 0.0
544 46 19 -0.35 0.68 1.2 0.0
545 46 2 +0.22 1.8 1.8 0.0
546 46 2 +0.22 -1.8 1.8 0.0
547 46 11 +0.06 -2.3 1.2 0.89
548 46 11 +0.06 -2.3 1.2 -0.89
549 46 11 +0.06 2.3 1.2 0.89
550 46 11 +0.06 2.3 1.2 -0.89
551 47 9 +0.52 0.0 0.0 0.0
552 47 20 -0.50 1.229 0.0 0.0
553 47 19 -0.35 -0.68 1.2 0.0
554 47 19 -0.35 0.68 1.2 0.0
555 47 2 +0.22 1.8 1.8 0.0
556 47 2 +0.22 -1.8 1.8 0.0
557 47 11 +0.06 -2.3 1.2 0.89
558 47 11 +0.06 -2.3 1.2 -0.89
559 47 11 +0.06 2.3 1.2 0.89
560 47 11 +0.06 2.3 1.2 -0.89
561 48 9 +0.52 0.0 0.0 0.0
562 48 20 -0.50 1.229 0.0 0.0
563 48 19 -0.35 -0.68 1.2 0.0
564 48 19 -0.35 0.68 1.2 0.0
565 48 2 +0.22 1.8 1.8 0.0
566 48 2 +0.22 -1.8 1.8 0.0
567 48 11 +0.06 -2.3 1.2 0.89
568 48 11 +0.06 -2.3 1.2 -0.89
569 48 11 +0.06 2.3 1.2 0.89
570 48 11 +0.06 2.3 1.2 -0.89
571 49 9 +0.52 0.0 0.0 0.0
572 49 20 -0.50 1.229 0.0 0.0
573 49 19 -0.35 -0.68 1.2 0.0
574 49 19 -0.35 0.68 1.2 0.0
575 49 2 +0.22 1.8 1.8 0.0
576 49 2 +0.22 -1.8 1.8 0.0
577 49 11 +0.06 -2.3 1.2 0.89
578 49 11 +0.06 -2.3 1.2 -0.89
579 49 11 +0.06 2.3 1.2 0.89
580 49 11 +0.06 2.3 1.2 -0.89
581 50 9 +0.52 0.0 0.0 0.0
582 50 20 -0.50 1.229 0.0 0.0
583 50 19 -0.35 -0.68 1.2 0.0
584 50 19 -0.35 0.68 1.2 0.0
585 50 2 +0.22 1.8 1.8 0.0
586 50 2 +0.22 -1.8 1.8 0.0
587 50 11 +0.06 -2.3 1.2 0.89
588 50 11 +0.06 -2.3 1.2 -0.89
589 50 11 +0.06 2.3 1.2 0.89
590 50 11 +0.06 2.3 1.2 -0.89
591 51 9 +0.52 0.0 0.0 0.0
592 51 20 -0.50 1.229 0.0 0.0
593 51 19 -0.35 -0.68 1.2 0.0
594 51 19 -0.35 0.68 1.2 0.0
595 51 2 +0.22 1.8 1.8 0.0
596 51 2 +0.22 -1.8 1.8 0.0
597 51 11 +0.06 -2.3 1.2 0.89
598 51 11 +0.06 -2.3 1.2 -0.89
599 51 11 +0.06 2.3 1.2 0.89
600 51 11 +0.06 2.3 1.2 -0.89
601 52 9 +0.52 0.0 0.0 0.0
602 52 20 -0.50 1.229 0.0 0.0
603 52 19 -0.35 -0.68 1.2 0.0
604 52 19 -0.35 0.68 1.2 0.0
605 52 2 +0.22 1.8 1.8 0.0
606 52 2 +0.22 -1.8 1.8 0.0
607 52 11 +0.06 -2.3 1.2 0.89
608 52 11 +0.06 -2.3 1.2 -0.89
609 52 11 +0.06 2.3 1.2 0.89
610 52 11 +0.06 2.3 1.2 -0.89
611 53 9 +0.52 0.0 0.0 0.0
612 53 20 -0.50 1.229 0.0 0.0
613 53 19 -0.35 -0.68 1.2 0.0
614 53 19 -0.35 0.68 1.2 0.0
615 53 2 +0.22 1.8 1.8 0.0
616 53 2 +0.22 -1.8 1.8 0.0
617 53 11 +0.06 -2.3 1.2 0.89
618 53 11 +0.06 -2.3 1.2 -0.89
619 53 11 +0.06 2.3 1.2 0.89
620 53 11 +0.06 2.3 1.2 -0.89
621 54 9 +0.52 0.0 0.0 0.0
622 54 20 -0.50 1.229 0.0 0.0
623 54 19 -0.35 -0.68 1.2 0.0
624 54 19 -0.35 0.68 1.2 0.0
625 54 2 +0.22 1.8 1.8 0.0
626 54 2 +0.22 -1.8 1.8 0.0
627 54 11 +0.06 -2.3 1.2 0.89
628 54 11 +0.06 -2.3 1.2 -0.89
629 54 11 +0.06 2.3 1.2 0.89
630 54 11 +0.06 2.3 1.2 -0.89
631 55 9 +0.52 0.0 0.0 0.0
632 55 20 -0.50 1.229 0.0 0.0
633 55 19 -0.35 -0.68 1.2 0.0
634 55 19 -0.35 0.68 1.2 0.0
635 55 2 +0.22 1.8 1.8 0.0
636 55 2 +0.22 -1.8 1.8 0.0
637 55 11 +0.06 -2.3 1.2 0.89
638 55 11 +0.06 -2.3 1.2 -0.89
639 55 11 +0.06 2.3 1.2 0.89
640 55 11 +0.06 2.3 1.2 -0.89
641 56 9 +0.52 0.0 0.0 0.0
642 56 20 -0.50 1.229 0.0 0.0
643 56 19 -0.35 -0.68 1.2 0.0
644 56 19 -0.35 0.68 1.2 0.0
645 56 2 +0.22 1.8 1.8 0.0
646 56 2 +0.22 -1.8 1.8 0.0
647 56 11 +0.06 -2.3 1.2 0.89
648 56 11 +0.06 -2.3 1.2 -0.89
649 56 11 +0.06 2.3 1.2 0.89
650 56 11 +0.06 2.3 1.2 -0.89
651 57 9 +0.52 0.0 0.0 0.0
652 57 20 -0.50 1.229 0.0 0.0
653 57 19 -0.35 -0.68 1.2 0.0
654 57 19 -0.35 0.68 1.2 0.0
655 57 2 +0.22 1.8 1.8 0.0
656 57 2 +0.22 -1.8 1.8 0.0
657 57 11 +0.06 -2.3 1.2 0.89
658 57 11 +0.06 -2.3 1.2 -0.89
659 57 11 +0.06 2.3 1.2 0.89
660 57 11 +0.06 2.3 1.2 -0.89
661 58 9 +0.52 0.0 0.0 0.0
662 58 20 -0.50 1.229 0.0 0.0
663 58 19 -0.35 -0.68 1.2 0.0
664 58 19 -0.35 0.68 1.2 0.0
665 58 2 +0.22 1.8 1.8 0.0
666 58 2 +0.22 -1.8 1.8 0.0
667 58 11 +0.06 -2.3 1.2 0.89
668 58 11 +0.06 -2.3 1.2 -0.89
669 58 11 +0.06 2.3 1.2 0.89
670 58 11 +0.06 2.3 1.2 -0.89
671 59 9 +0.52 0.0 0.0 0.0
672 59 20 -0.50 1.229 0.0 0.0
673 59 19 -0.35 -0.68 1.2 0.0
674 59 19 -0.35 0.68 1.2 0.0
675 59 2 +0.22 1.8 1.8 0.0
676 59 2 +0.22 -1.8 1.8 0.0
677 59 11 +0.06 -2.3 1.2 0.89
678 59 11 +0.06 -2.3 1.2 -0.89
679 59 11 +0.06 2.3 1.2 0.89
680 59 11 +0.06 2.3 1.2 -0.89
681 60 9 +0.52 0.0 0.0 0.0
682 60 20 -0.50 1.229 0.0 0.0
683 60 19 -0.35 -0.68 1.2 0.0
684 60 19 -0.35 0.68 1.2 0.0
685 60 2 +0.22 1.8 1.8 0.0
686 60 2 +0.22 -1.8 1.8 0.0
687 60 11 +0.06 -2.3 1.2 0.89
688 60 11 +0.06 -2.3 1.2 -0.89
689 60 11 +0.06 2.3 1.2 0.89
690 60 11 +0.06 2.3 1.2 -0.89
691 61 9 +0.52 0.0 0.0 0.0
692 61 20 -0.50 1.229 0.0 0.0
693 61 19 -0.35 -0.68 1.2 0.0
694 61 19 -0.35 0.68 1.2 0.0
695 61 2 +0.22 1.8 1.8 0.0
696 61 2 +0.22 -1.8 1.8 0.0
697 61 11 +0.06 -2.3 1.2 0.89
698 61 11 +0.06 -2.3 1.2 -0.89
699 61 11 +0.06 2.3 1.2 0.89
700 61 11 +0.06 2.3 1.2 -0.89
701 62 9 +0.52 0.0 0.0 0.0
702 62 20 -0.50 1.229 0.0 0.0
703 62 19 -0.35 -0.68 1.2 0.0
704 62 19 -0.35 0.68 1.2 0.0
705 62 2 +0.22 1.8 1.8 0.0
706 62 2 +0.22 -1.8 1.8 0.0
707 62 11 +0.06 -2.3 1.2 0.89
708 62 11 +0.06 -2.3 1.2 -0.89
709 62 11 +0.06 2.3 1.2 0.89
710 62 11 +0.06 2.3 1.2 -0.89
711 63 9 +0.52 0.0 0.0 0.0
712 63 20 -0.50 1.229 0.0 0.0
713 63 19 -0.35 -0.68 1.2 0.0
714 63 19 -0.35 0.68 1.2 0.0
715 63 2 +0.22 1.8 1.8 0.0
716 63 2 +0.22 -1.8 1.8 0.0
717 63 11 +0.06 -2.3 1.2 0.89
718 63 11 +0.06 -2.3 1.2 -0.89
719 63 11 +0.06 2.3 1.2 0.89
720 63 11 +0.06 2.3 1.2 -0.89
721 64 9 +0.52 0.0 0.0 0.0
722 64 20 -0.50 1.229 0.0 0.0
723 64 19 -0.35 -0.68 1.2 0.0
724 64 19 -0.35 0.68 1.2 0.0
725 64 2 +0.22 1.8 1.8 0.0
726 64 2 +0.22 -1.8 1.8 0.0
727 64 11 +0.06 -2.3 1.2 0.89
728 64 11 +0.06 -2.3 1.2 -0.89
729 64 11 +0.06 2.3 1.2 0.89
730 64 11 +0.06 2.3 1.2 -0.89
731 65 31 1.0 0.0 0.0 0.0
732 66 31 1.0 0.0 0.0 0.0
733 67 31 1.0 0.0 0.0 0.0
734 68 31 1.0 0.0 0.0 0.0
735 69 31 1.0 0.0 0.0 0.0
736 70 27 +1.34 0.0 0.0 0.0
737 70 26 -0.39 1.59 0.0 0.0
738 70 26 -0.39 -1.59 0.0 0.0
739 70 26 -0.39 0.0 1.59 0.0
740 70 26 -0.39 0.0 -1.59 0.0
741 70 26 -0.39 0.0 0.0 1.59
742 70 26 -0.39 0.0 0.0 -1.59
743 71 27 +1.34 0.0 0.0 0.0
744 71 26 -0.39 1.59 0.0 0.0
745 71 26 -0.39 -1.59 0.0 0.0
746 71 26 -0.39 0.0 1.59 0.0
747 71 26 -0.39 0.0 -1.59 0.0
748 71 26 -0.39 0.0 0.0 1.59
749 71 26 -0.39 0.0 0.0 -1.59
750 72 27 +1.34 0.0 0.0 0.0
751 72 26 -0.39 1.59 0.0 0.0
752 72 26 -0.39 -1.59 0.0 0.0
753 72 26 -0.39 0.0 1.59 0.0
754 72 26 -0.39 0.0 -1.59 0.0
755 72 26 -0.39 0.0 0.0 1.59
756 72 26 -0.39 0.0 0.0 -1.59
757 73 27 +1.34 0.0 0.0 0.0
758 73 26 -0.39 1.59 0.0 0.0
759 73 26 -0.39 -1.59 0.0 0.0
760 73 26 -0.39 0.0 1.59 0.0
761 73 26 -0.39 0.0 -1.59 0.0
762 73 26 -0.39 0.0 0.0 1.59
763 73 26 -0.39 0.0 0.0 -1.59
764 74 27 +1.34 0.0 0.0 0.0
765 74 26 -0.39 1.59 0.0 0.0
766 74 26 -0.39 -1.59 0.0 0.0
767 74 26 -0.39 0.0 1.59 0.0
768 74 26 -0.39 0.0 -1.59 0.0
769 74 26 -0.39 0.0 0.0 1.59
770 74 26 -0.39 0.0 0.0 -1.59
