1 8 2 1 3 5
2 8 2 1 4 6
3 6 1 3 5 7
4 6 1 3 5 8
5 6 1 3 5 9
6 6 1 4 6 10
7 6 1 4 6 11
8 6 1 4 6 12
9 8 14 13 15 17
10 8 14 13 16 18
11 6 13 15 17 19
12 6 13 15 17 20
13 6 13 15 17 21
14 6 13 16 18 22
15 6 13 16 18 23
16 6 13 16 18 24
17 8 26 25 27 29
18 8 26 25 28 30
19 6 25 27 29 31
20 6 25 27 29 32
21 6 25 27 29 33
22 6 25 28 30 34
23 6 25 28 30 35
24 6 25 28 30 36
25 8 38 37 39 41
26 8 38 37 40 42
27 6 37 39 41 43
28 6 37 39 41 44
29 6 37 39 41 45
30 6 37 40 42 46
31 6 37 40 42 47
32 6 37 40 42 48
33 8 50 49 51 53
34 8 50 49 52 54
35 6 49 51 53 55
36 6 49 51 53 56
37 6 49 51 53 57
38 6 49 52 54 58
39 6 49 52 54 59
40 6 49 52 54 60
41 8 62 61 63 65
42 8 62 61 64 66
43 6 61 63 65 67
44 6 61 63 65 68
45 6 61 63 65 69
46 6 61 64 66 70
47 6 61 64 66 71
48 6 61 64 66 72
49 8 74 73 75 77
50 8 74 73 76 78
51 6 73 75 77 79
52 6 73 75 77 80
53 6 73 75 77 81
54 6 73 76 78 82
55 6 73 76 78 83
56 6 73 76 78 84
57 8 86 85 87 89
58 8 86 85 88 90
59 6 85 87 89 91
60 6 85 87 89 92
61 6 85 87 89 93
62 6 85 88 90 94
63 6 85 88 90 95
64 6 85 88 90 96
65 8 98 97 99 101
66 8 98 97 100 102
67 6 97 99 101 103
68 6 97 99 101 104
69 6 97 99 101 105
70 6 97 100 102 106
71 6 97 100 102 107
72 6 97 100 102 108
73 8 110 109 111 113
74 8 110 109 112 114
75 6 109 111 113 115
76 6 109 111 113 116
77 6 109 111 113 117
78 6 109 112 114 118
79 6 109 112 114 119
80 6 109 112 114 120
81 8 122 121 123 125
82 8 122 121 124 126
83 6 121 123 125 127
84 6 121 123 125 128
85 6 121 123 125 129
86 6 121 124 126 130
87 6 121 124 126 131
88 6 121 124 126 132
89 8 134 133 135 137
90 8 134 133 136 138
91 6 133 135 137 139
92 6 133 135 137 140
93 6 133 135 137 141
94 6 133 136 138 142
95 6 133 136 138 143
96 6 133 136 138 144
97 8 146 145 147 149
98 8 146 145 148 150
99 6 145 147 149 151
100 6 145 147 149 152
101 6 145 147 149 153
102 6 145 148 150 154
103 6 145 148 150 155
104 6 145 148 150 156
105 8 158 157 159 161
106 8 158 157 160 162
107 6 157 159 161 163
108 6 157 159 161 164
109 6 157 159 161 165
110 6 157 160 162 166
111 6 157 160 162 167
112 6 157 160 162 168
113 8 170 169 171 173
114 8 170 169 172 174
115 6 169 171 173 175
116 6 169 171 173 176
117 6 169 171 173 177
118 6 169 172 174 178
119 6 169 172 174 179
120 6 169 172 174 180
121 8 182 181 183 185
122 8 182 181 184 186
123 6 181 183 185 187
124 6 181 183 185 188
125 6 181 183 185 189
126 6 181 184 186 190
127 6 181 184 186 191
128 6 181 184 186 192
129 8 194 193 195 197
130 8 194 193 196 198
131 6 193 195 197 199
132 6 193 195 197 200
133 6 193 195 197 201
134 6 193 196 198 202
135 6 193 196 198 203
136 6 193 196 198 204
137 8 206 205 207 209
138 8 206 205 208 210
139 6 205 207 209 211
140 6 205 207 209 212
141 6 205 207 209 213
142 6 205 208 210 214
143 6 205 208 210 215
144 6 205 208 210 216
145 8 218 217 219 221
146 8 218 217 220 222
147 6 217 219 221 223
148 6 217 219 221 224
149 6 217 219 221 225
150 6 217 220 222 226
151 6 217 220 222 227
152 6 217 220 222 228
153 8 230 229 231 233
154 8 230 229 232 234
155 6 229 231 233 235
156 6 229 231 233 236
157 6 229 231 233 237
158 6 229 232 234 238
159 6 229 232 234 239
160 6 229 232 234 240
161 8 242 241 243 245
162 8 242 241 244 246
163 6 241 243 245 247
164 6 241 243 245 248
165 6 241 243 245 249
166 6 241 244 246 250
167 6 241 244 246 251
168 6 241 244 246 252
169 8 254 253 255 257
170 8 254 253 256 258
171 6 253 255 257 259
172 6 253 255 257 260
173 6 253 255 257 261
174 6 253 256 258 262
175 6 253 256 258 263
176 6 253 256 258 264
177 8 266 265 267 269
178 8 266 265 268 270
179 6 265 267 269 271
180 6 265 267 269 272
181 6 265 267 269 273
182 6 265 268 270 274
183 6 265 268 270 275
184 6 265 268 270 276
185 8 278 277 279 281
186 8 278 277 280 282
187 6 277 279 281 283
188 6 277 279 281 284
189 6 277 279 281 285
190 6 277 280 282 286
191 6 277 280 282 287
192 6 277 280 282 288
193 8 290 289 291 293
194 8 290 289 292 294
195 6 289 291 293 295
196 6 289 291 293 296
197 6 289 291 293 297
198 6 289 292 294 298
199 6 289 292 294 299
200 6 289 292 294 300
201 8 302 301 303 305
202 8 302 301 304 306
203 6 301 303 305 307
204 6 301 303 305 308
205 6 301 303 305 309
206 6 301 304 306 310
207 6 301 304 306 311
208 6 301 304 306 312
209 8 314 313 315 317
210 8 314 313 316 318
211 6 313 315 317 319
212 6 313 315 317 320
213 6 313 315 317 321
214 6 313 316 318 322
215 6 313 316 318 323
216 6 313 316 318 324
217 8 326 325 327 329
218 8 326 325 328 330
219 6 325 327 329 331
220 6 325 327 329 332
221 6 325 327 329 333
222 6 325 328 330 334
223 6 325 328 330 335
224 6 325 328 330 336
225 8 338 337 339 341
226 8 338 337 340 342
227 6 337 339 341 343
228 6 337 339 341 344
229 6 337 339 341 345
230 6 337 340 342 346
231 6 337 340 342 347
232 6 337 340 342 348
233 8 350 349 351 353
234 8 350 349 352 354
235 6 349 351 353 355
236 6 349 351 353 356
237 6 349 351 353 357
238 6 349 352 354 358
239 6 349 352 354 359
240 6 349 352 354 360
241 8 362 361 363 365
242 8 362 361 364 366
243 6 361 363 365 367
244 6 361 363 365 368
245 6 361 363 365 369
246 6 361 364 366 370
247 6 361 364 366 371
248 6 361 364 366 372
249 8 374 373 375 377
250 8 374 373 376 378
251 6 373 375 377 379
252 6 373 375 377 380
253 6 373 375 377 381
254 6 373 376 378 382
255 6 373 376 378 383
256 6 373 376 378 384
257 8 386 385 387 389
258 8 386 385 388 390
259 6 385 387 389 391
260 6 385 387 389 392
261 6 385 387 389 393
262 6 385 388 390 394
263 6 385 388 390 395
264 6 385 388 390 396
265 8 398 397 399 401
266 8 398 397 400 402
267 6 397 399 401 403
268 6 397 399 401 404
269 6 397 399 401 405
270 6 397 400 402 406
271 6 397 400 402 407
272 6 397 400 402 408
273 8 410 409 411 413
274 8 410 409 412 414
275 6 409 411 413 415
276 6 409 411 413 416
277 6 409 411 413 417
278 6 409 412 414 418
279 6 409 412 414 419
280 6 409 412 414 420
281 8 422 421 423 425
282 8 422 421 424 426
283 6 421 423 425 427
284 6 421 423 425 428
285 6 421 423 425 429
286 6 421 424 426 430
287 6 421 424 426 431
288 6 421 424 426 432
289 8 434 433 435 437
290 8 434 433 436 438
291 6 433 435 437 439
292 6 433 435 437 440
293 6 433 435 437 441
294 6 433 436 438 442
295 6 433 436 438 443
296 6 433 436 438 444
297 8 446 445 447 449
298 8 446 445 448 450
299 6 445 447 449 451
300 6 445 447 449 452
301 6 445 447 449 453
302 6 445 448 450 454
303 6 445 448 450 455
304 6 445 448 450 456
305 8 458 457 459 461
306 8 458 457 460 462
307 6 457 459 461 463
308 6 457 459 461 464
309 6 457 459 461 465
310 6 457 460 462 466
311 6 457 460 462 467
312 6 457 460 462 468
313 8 470 469 471 473
314 8 470 469 472 474
315 6 469 471 473 475
316 6 469 471 473 476
317 6 469 471 473 477
318 6 469 472 474 478
319 6 469 472 474 479
320 6 469 472 474 480
321 8 482 481 483 485
322 8 482 481 484 486
323 6 481 483 485 487
324 6 481 483 485 488
325 6 481 483 485 489
326 6 481 484 486 490
327 6 481 484 486 491
328 6 481 484 486 492
329 8 494 493 495 497
330 8 494 493 496 498
331 6 493 495 497 499
332 6 493 495 497 500
333 6 493 495 497 501
334 6 493 496 498 502
335 6 493 496 498 503
336 6 493 496 498 504
337 8 506 505 507 509
338 8 506 505 508 510
339 6 505 507 509 511
340 6 505 507 509 512
341 6 505 507 509 513
342 6 505 508 510 514
343 6 505 508 510 515
344 6 505 508 510 516
345 8 518 517 519 521
346 8 518 517 520 522
347 6 517 519 521 523
348 6 517 519 521 524
349 6 517 519 521 525
350 6 517 520 522 526
351 6 517 520 522 527
352 6 517 520 522 528
353 8 530 529 531 533
354 8 530 529 532 534
355 6 529 531 533 535
356 6 529 531 533 536
357 6 529 531 533 537
358 6 529 532 534 538
359 6 529 532 534 539
360 6 529 532 534 540
361 8 542 541 543 546
362 8 542 541 544 545
363 5 541 543 546 545
364 7 543 546 545 544
365 7 541 544 545 546
366 8 552 551 553 556
367 8 552 551 554 555
368 5 551 553 556 555
369 7 553 556 555 554
370 7 551 554 555 556
371 8 562 561 563 566
372 8 562 561 564 565
373 5 561 563 566 565
374 7 563 566 565 564
375 7 561 564 565 566
376 8 572 571 573 576
377 8 572 571 574 575
378 5 571 573 576 575
379 7 573 576 575 574
380 7 571 574 575 576
381 8 582 581 583 586
382 8 582 581 584 585
383 5 581 583 586 585
384 7 583 586 585 584
385 7 581 584 585 586
386 8 592 591 593 596
387 8 592 591 594 595
388 5 591 593 596 595
389 7 593 596 595 594
390 7 591 594 595 596
391 8 602 601 603 606
392 8 602 601 604 605
393 5 601 603 606 605
394 7 603 606 605 604
395 7 601 604 605 606
396 8 612 611 613 616
397 8 612 611 614 615
398 5 611 613 616 615
399 7 613 616 615 614
400 7 611 614 615 616
401 8 622 621 623 626
402 8 622 621 624 625
403 5 621 623 626 625
404 7 623 626 625 624
405 7 621 624 625 626
406 8 632 631 633 636
407 8 632 631 634 635
408 5 631 633 636 635
409 7 633 636 635 634
410 7 631 634 635 636
411 8 642 641 643 646
412 8 642 641 644 645
413 5 641 643 646 645
414 7 643 646 645 644
415 7 641 644 645 646
416 8 652 651 653 656
417 8 652 651 654 655
418 5 651 653 656 655
419 7 653 656 655 654
420 7 651 654 655 656
421 8 662 661 663 666
422 8 662 661 664 665
423 5 661 663 666 665
424 7 663 666 665 664
425 7 661 664 665 666
426 8 672 671 673 676
427 8 672 671 674 675
428 5 671 673 676 675
429 7 673 676 675 674
430 7 671 674 675 676
431 8 682 681 683 686
432 8 682 681 684 685
433 5 681 683 686 685
434 7 683 686 685 684
435 7 681 684 685 686
436 8 692 691 693 696
437 8 692 691 694 695
438 5 691 693 696 695
439 7 693 696 695 694
440 7 691 694 695 696
441 8 702 701 703 706
442 8 702 701 704 705
443 5 701 703 706 705
444 7 703 706 705 704
445 7 701 704 705 706
446 8 712 711 713 716
447 8 712 711 714 715
448 5 711 713 716 715
449 7 713 716 715 714
450 7 711 714 715 716
451 8 722 721 723 726
452 8 722 721 724 725
453 5 721 723 726 725
454 7 723 726 725 724
455 7 721 724 725 726
